
=== Data Samples ===
--- Data Sample 0 ---
{'sample_idx': 0, 'num_pts_feats': 5, 'cam2img': [None, None, [[1170.85645, 0.0, 971.92207], [0.0, 1204.29993, 651.75899], [0.0, 0.0, 1.0]], [[1170.85645, 0.0, 971.92207], [0.0, 1204.29993, 651.75899], [0.0, 0.0, 1.0]], [[1170.85645, 0.0, 971.92207], [0.0, 1204.29993, 651.75899], [0.0, 0.0, 1.0]], [[1170.85645, 0.0, 971.92207], [0.0, 1204.29993, 651.75899], [0.0, 0.0, 1.0]]], 'ego2global': [[-0.2536037862300873, 0.9669411182403564, 0.026645461097359657, 65441.546875], [-0.9672822952270508, -0.25370219349861145, 0.0003239023790229112, 654.0204467773438], [0.007073206827044487, -0.02569154091179371, 0.9996448755264282, 715.9098510742188], [0.0, 0.0, 0.0, 1.0]], 'lidar2cam': [[[0.9163287878036499, -0.3991888165473938, 0.03146134689450264, -4.828991889953613], [-0.08063355833292007, -0.2609099745750427, -0.96198970079422, 3.3697807788848877], [0.39222410321235657, 0.8789620399475098, -0.2712673544883728, -2.3986551761627197], [0.0, 0.0, 0.0, 1.0]], [[0.6685803532600403, 0.743520975112915, -0.013300865888595581, -4.1942057609558105], [0.18588541448116302, -0.18441462516784668, -0.9651103019714355, 1.8714197874069214], [-0.7200325727462769, 0.6427813172340393, -0.26150569319725037, 3.787997007369995], [0.0, 0.0, 0.0, 1.0]], [[0.0012659720377996564, 0.9998736381530762, -0.01584760658442974, 0.13570652902126312], [0.006211903411895037, -0.015855176374316216, -0.9998549818992615, 0.6326197385787964], [-0.9999799132347107, 0.0011673447443172336, -0.006231190636754036, -0.786059558391571], [0.0, 0.0, 0.0, 1.0]], [[0.002555025275796652, -0.9998990297317505, 0.013980379328131676, -0.14545838534832], [-0.03398021683096886, -0.014059163630008698, -0.9993236064910889, 3.0195558071136475], [0.9994192123413086, 0.0020782407373189926, -0.03401270508766174, -6.242819309234619], [0.0, 0.0, 0.0, 1.0]]], 'lidar2img': [None, None, None, None, None, None], 'box_mode_3d': <Box3DMode.LIDAR: 0>, 'lidar_path': 'data/t4dataset/db_j6_v1/43e6e09a-93ce-488f-8f40-515187bc2753/2/data/LIDAR_CONCAT/0.pcd.bin', 'box_type_3d': <class 'mmdet3d.structures.bbox_3d.lidar_box3d.LiDARInstance3DBoxes'>, 'img_path': [None, None, 'db_j6_v1/43e6e09a-93ce-488f-8f40-515187bc2753/2/data/CAM_FRONT_LEFT/0.jpg', 'db_j6_v1/43e6e09a-93ce-488f-8f40-515187bc2753/2/data/CAM_BACK_LEFT/0.jpg', 'db_j6_v1/43e6e09a-93ce-488f-8f40-515187bc2753/2/data/CAM_BACK/0.jpg', 'db_j6_v1/43e6e09a-93ce-488f-8f40-515187bc2753/2/data/CAM_FRONT/0.jpg'], 'pred_instances': {}, 'pred_instances_3d': {'scores_3d': tensor([0.8912, 0.8202, 0.7307, 0.6761, 0.6715, 0.5902, 0.5664, 0.5433, 0.5304,
        0.5068, 0.4737, 0.4544, 0.4540, 0.4351, 0.4304, 0.4085, 0.4052, 0.3978,
        0.3656, 0.3297, 0.3288, 0.3253, 0.3151, 0.3126, 0.3096, 0.3093, 0.2985,
        0.2903, 0.2880, 0.2876, 0.2802, 0.2717, 0.2661, 0.2640, 0.2612, 0.2570,
        0.2565, 0.2540, 0.2483, 0.2456, 0.2414, 0.2407, 0.2399, 0.2398, 0.2392,
        0.2373, 0.2220, 0.2210, 0.2207, 0.2166, 0.2114, 0.2085, 0.2077, 0.2062,
        0.2059, 0.2056, 0.2043, 0.1883, 0.1804, 0.1745, 0.1735, 0.1679, 0.1661,
        0.1647, 0.1641, 0.1637, 0.1636, 0.1634, 0.1625, 0.1624, 0.1600, 0.1557,
        0.1550, 0.1541, 0.1526, 0.1525, 0.1525, 0.1513, 0.1502, 0.1484, 0.1482,
        0.1468, 0.1458, 0.1456, 0.1455, 0.1450, 0.1449, 0.1447, 0.1445, 0.1433,
        0.1432, 0.1419, 0.1417, 0.1414, 0.1404, 0.1402, 0.1387]), 'bboxes_3d': LiDARInstance3DBoxes(
    tensor([[ 3.6956e+01, -4.9746e-01, -1.7942e-01,  4.4544e+00,  1.8363e+00,
          1.5796e+00, -2.8938e+00, -1.1741e-02, -6.4810e-03],
        [-2.3195e+01,  5.6011e+00, -9.4706e-02,  3.5416e+00,  1.5590e+00,
          1.4267e+00, -1.2386e+00,  3.2227e-03, -5.0118e-03],
        [ 6.2190e+01, -2.1026e+01, -7.7729e-01,  4.5961e+00,  1.9229e+00,
          1.6813e+00, -1.4069e+00,  7.8532e-03, -5.2505e-03],
        [-4.9361e+00, -8.7097e+00,  8.6077e-02,  3.7713e+00,  1.6101e+00,
          1.5494e+00, -2.8863e+00, -1.2393e-02, -1.7283e-06],
        [-3.8963e+01, -3.1825e+01, -5.2012e-01,  3.8159e+00,  1.6754e+00,
          1.5054e+00, -6.9429e-01,  1.4883e-02, -2.2922e-03],
        [ 8.4230e+00, -2.8953e+01, -3.7379e-01,  4.1388e+00,  1.7380e+00,
          1.6057e+00, -1.3601e+00,  3.3576e-03, -7.3150e-03],
        [-3.0557e+01, -4.3965e+01, -4.3796e-01,  3.9908e+00,  1.6656e+00,
          1.4948e+00, -1.2908e-02,  4.5005e-03,  3.8191e-03],
        [ 3.0493e+00, -1.8410e+01,  9.4236e-02,  5.0117e+00,  2.0077e+00,
          1.9263e+00,  1.3430e-01,  7.8477e-03, -5.1856e-03],
        [ 7.3753e+01, -7.5535e+00,  2.6325e-01,  3.8629e+00,  1.7037e+00,
          1.5360e+00, -1.2348e+00,  1.1684e-02, -1.5709e-02],
        [-3.5078e+01, -1.2733e-01, -4.7969e-01,  3.4995e+00,  1.5009e+00,
          1.4491e+00, -1.5546e+00,  2.8718e-03, -6.4075e-03],
        [ 7.9064e+00, -5.5201e+01, -2.2838e+00,  4.3015e+00,  1.7381e+00,
          1.6747e+00,  3.5143e-01,  6.2347e-03, -6.9277e-03],
        [-4.1447e+01, -3.3166e+01, -4.0815e-01,  3.5486e+00,  1.5505e+00,
          1.4674e+00,  2.5440e+00, -3.0036e-03,  4.9297e-03],
        [ 7.0246e+01,  1.6793e+01,  6.2840e-02,  4.2956e+00,  1.8219e+00,
          1.6235e+00,  2.3571e-01,  1.1482e-02, -6.1764e-03],
        [-4.8830e+01, -3.7277e+01, -3.1523e-01,  3.7734e+00,  1.5915e+00,
          1.4888e+00, -1.5505e+00, -2.2683e-03,  2.5571e-03],
        [ 1.8408e+01, -3.8236e+01, -1.5253e+00,  3.6694e+00,  1.6043e+00,
          1.5293e+00, -1.7217e+00,  2.8930e-03,  6.1532e-04],
        [ 2.1255e+01, -3.8555e+01, -7.5220e-01,  3.8617e+00,  1.6261e+00,
          1.5274e+00, -1.6523e+00, -4.6760e-03,  4.5069e-05],
        [ 5.9113e+00,  2.1542e+01,  9.9684e-01,  3.9569e+00,  1.7722e+00,
          1.6486e+00,  2.7758e-01,  3.1458e-02,  1.4859e-02],
        [ 6.5718e+00,  1.6485e+01,  8.0593e-01,  3.6964e+00,  1.6854e+00,
          1.6265e+00,  4.9807e-01,  1.1962e-02,  7.0538e-03],
        [ 1.1222e+00, -1.9669e+01,  1.0154e-01,  5.0634e+00,  2.0197e+00,
          1.9415e+00, -2.1999e-02,  1.0452e-02, -5.7868e-03],
        [-5.9209e+00, -5.6253e+00, -3.6359e-01,  3.3288e+00,  1.4270e+00,
          1.3857e+00, -2.7595e+00, -1.0199e-02, -6.9217e-03],
        [-6.3503e+01, -3.7916e+01, -2.8957e-01,  4.0995e+00,  1.8769e+00,
          1.6738e+00,  2.8646e+00, -1.4120e-02,  2.8144e-03],
        [ 8.3687e+01, -6.6733e+01, -7.5799e-02,  4.1232e+00,  1.7532e+00,
          1.6227e+00, -1.2718e+00, -1.1017e-03,  4.4789e-03],
        [ 3.0223e+01, -6.7365e+01,  7.1124e-01,  3.8550e+00,  1.7033e+00,
          1.5629e+00, -2.9008e+00, -5.9907e-03, -3.3670e-03],
        [ 9.5226e+01,  3.2789e+01,  5.9979e-01,  4.1414e+00,  1.8372e+00,
          1.6772e+00,  2.2691e-01,  9.7996e-03, -3.9835e-03],
        [ 2.4180e+01, -1.2354e+01,  2.4878e-01,  5.1993e+00,  2.0744e+00,
          2.0139e+00,  6.5049e-01,  1.5533e-02,  1.1913e-04],
        [-4.9123e+01, -7.5355e+00, -1.7072e-01,  3.6055e+00,  1.6464e+00,
          1.5071e+00, -2.7452e+00, -1.2610e-02, -7.1468e-03],
        [ 6.3205e+01, -5.3623e+01, -5.9347e-01,  3.9947e+00,  1.6292e+00,
          1.5535e+00, -2.2000e+00, -7.8543e-03, -8.7075e-03],
        [ 5.0073e+01, -4.1722e+01, -1.2691e+00,  4.5379e+00,  1.7487e+00,
          1.6674e+00,  2.5243e+00, -6.7968e-03,  2.9163e-03],
        [ 8.7838e+00,  1.1747e+01,  3.6502e-01,  3.4242e+00,  1.4844e+00,
          1.5982e+00,  1.6221e-01,  1.7676e-02,  9.6393e-03],
        [ 1.6470e+01, -3.9523e+01, -4.7685e-01,  3.6868e+00,  1.6396e+00,
          1.4932e+00, -1.2689e+00,  1.6402e-02, -2.3770e-02],
        [ 6.7679e+01,  2.5724e+01,  7.7460e-01,  3.7041e+00,  1.6701e+00,
          1.6338e+00, -2.8768e+00, -7.1264e-03, -4.2905e-03],
        [ 1.7178e+01, -3.8243e+01, -1.3312e+00,  4.5717e+00,  1.8979e+00,
          1.7909e+00,  2.1018e-01,  1.3335e-02, -6.4600e-03],
        [ 7.5324e+00,  1.4209e+01,  4.4906e-01,  3.5968e+00,  1.6317e+00,
          1.6615e+00,  3.1908e-01,  2.3796e-02,  1.9301e-03],
        [-6.3214e+01, -3.9183e+01, -2.4744e-01,  4.5700e+00,  1.9528e+00,
          1.7295e+00, -2.0641e+00, -7.7473e-03, -1.8995e-02],
        [ 1.6104e+01,  1.8070e+01,  5.7187e-01,  3.7603e+00,  1.6384e+00,
          1.6532e+00,  2.9247e+00, -7.3734e-03, -2.0491e-03],
        [-4.4001e+01, -1.5277e+01, -3.1046e-01,  3.4104e+00,  1.5308e+00,
          1.6265e+00,  2.7933e+00, -1.4896e-02,  1.0813e-03],
        [-4.8464e+01, -6.2540e+00,  5.3794e-02,  3.7159e+00,  1.6468e+00,
          1.5900e+00,  1.7829e+00,  3.2876e-03,  6.3609e-03],
        [ 5.5520e+01, -2.5756e+01, -6.7794e-01,  3.6880e+00,  1.5420e+00,
          1.4942e+00,  1.7363e+00, -4.1745e-03,  7.3854e-03],
        [ 5.9102e+00,  1.8753e+01,  8.0581e-01,  3.8410e+00,  1.7374e+00,
          1.6164e+00,  2.9599e+00, -3.9746e-03, -2.5832e-03],
        [ 6.6681e+01, -2.9546e+01, -1.6736e-01,  4.8330e-01,  5.9387e-01,
          1.6995e+00, -2.8418e+00, -5.5849e-03, -4.2273e-03],
        [ 7.8381e+00, -8.7858e+01, -6.2674e-01,  4.2654e+00,  1.7718e+00,
          1.6058e+00, -2.0000e+00, -4.7228e-03, -7.2598e-04],
        [ 2.8944e+01,  2.0327e+01,  1.7891e+00,  4.3488e+00,  1.9127e+00,
          1.7657e+00,  1.6617e+00, -4.3484e-03,  2.5399e-02],
        [ 8.0174e+01, -5.6151e+01,  5.7267e-02,  3.7321e+00,  1.5942e+00,
          1.5164e+00, -1.4159e+00,  1.2149e-02, -3.0808e-02],
        [ 7.1843e+01, -6.5133e+01, -6.9467e-01,  3.5575e+00,  1.4668e+00,
          1.4176e+00, -2.8185e+00, -1.4757e-02, -9.2738e-03],
        [ 8.3023e+01, -6.1290e+01, -5.2062e-01,  3.4633e+00,  1.4755e+00,
          1.4470e+00, -2.4560e+00, -3.9195e-03, -5.4988e-03],
        [-3.8893e+01, -7.8235e+01,  1.6039e+00,  4.5736e+00,  1.9706e+00,
          1.8062e+00, -6.8810e-01,  6.1515e-03, -1.4993e-02],
        [ 9.1365e+01,  2.9894e+01,  1.6531e+00,  3.9281e+00,  1.8499e+00,
          1.6304e+00,  2.4029e-01,  2.3863e-02,  1.7467e-02],
        [ 7.8614e+00, -2.8054e+01, -5.7232e-01,  4.4627e+00,  1.7192e+00,
          1.7669e+00,  2.4736e+00, -9.2825e-03,  2.5596e-03],
        [ 2.2572e+01, -1.3346e+01,  2.8058e-01,  5.8867e+00,  2.2736e+00,
          2.1944e+00, -2.4566e+00, -6.1780e-03, -4.4649e-03],
        [-3.7360e+01, -4.0823e+01,  1.0487e-01,  4.7313e-01,  5.7286e-01,
          1.7547e+00,  2.6076e+00, -6.5240e-03, -7.9881e-04],
        [ 4.4325e+01, -1.9025e+01, -4.3654e-01,  3.8584e+00,  1.6858e+00,
          1.5281e+00, -1.2847e+00,  4.5543e-03, -2.1023e-02],
        [-2.2889e+01, -6.8026e+01, -5.3352e-01,  5.0126e-01,  5.9655e-01,
          1.7096e+00, -3.1400e+00, -1.0610e-02, -3.7051e-03],
        [-2.1335e+01, -5.1008e+01, -7.2762e-01,  4.3878e-01,  5.8918e-01,
          1.5891e+00,  1.3489e+00,  5.8515e-03, -1.2611e-02],
        [ 7.8576e+01, -4.9719e+01, -8.2090e-01,  3.5087e+00,  1.5139e+00,
          1.4453e+00,  8.1777e-01,  2.1955e-03, -4.9568e-04],
        [-5.8692e+01, -1.0382e+01, -8.8443e-01,  3.6587e+00,  1.5660e+00,
          1.5047e+00,  9.9998e-02,  2.1152e-03, -2.1729e-03],
        [ 9.7135e+01,  1.3614e+01,  1.5288e+00,  4.7744e+00,  2.1397e+00,
          1.8957e+00, -6.2283e-01,  2.9703e-02, -4.2962e-02],
        [ 9.5557e+01,  1.8102e+01, -2.0595e-02,  5.0921e-01,  6.0123e-01,
          1.7041e+00, -3.1397e+00, -2.0558e-02,  5.0422e-03],
        [-3.7894e+01, -6.2237e+01,  8.1052e-01,  4.3989e+00,  2.0203e+00,
          1.7833e+00, -2.8186e+00, -2.7801e-02, -6.4220e-03],
        [-7.0889e+01,  1.9643e+01, -1.9347e-01,  4.5070e-01,  5.4220e-01,
          1.6670e+00,  3.5224e-01,  1.4921e-02, -2.9463e-03],
        [-4.4603e+01, -2.4453e+01, -1.4257e+00,  3.7066e+00,  1.5249e+00,
          1.4994e+00,  8.6105e-01, -8.2865e-04, -2.9029e-03],
        [ 3.4083e+00, -4.4366e+01, -2.7697e-02,  5.2260e-01,  5.7384e-01,
          1.5878e+00,  1.7847e+00, -2.1021e-02,  1.2414e-02],
        [-3.4057e+01, -3.1823e+01, -5.1755e-03,  3.1668e+00,  1.4591e+00,
          1.4256e+00,  1.3409e+00,  5.0844e-03,  2.5857e-03],
        [-6.1891e+01, -3.6954e+01, -4.6336e-01,  3.9260e+00,  1.6532e+00,
          1.5903e+00,  6.0308e-01,  1.3998e-02,  7.1044e-03],
        [ 6.8324e+01,  2.6711e+01,  8.6240e-01,  3.9308e+00,  1.7945e+00,
          1.6856e+00,  1.3901e+00,  6.6405e-03,  2.5828e-02],
        [ 9.6187e+01, -1.2338e+01,  1.1020e+00,  3.9312e+00,  1.7369e+00,
          1.5785e+00, -1.0508e+00,  2.0631e-02, -3.9022e-02],
        [-1.1723e+02, -2.4146e+01,  6.4977e-01,  3.8052e+00,  1.7280e+00,
          1.6262e+00, -1.4716e+00, -4.8254e-03, -1.1603e-03],
        [ 7.8895e+01, -5.0721e+01, -7.1474e-02,  4.5803e-01,  5.5300e-01,
          1.7203e+00,  2.4132e+00, -9.6157e-03,  7.7744e-03],
        [-1.0797e+02, -4.4290e+01,  2.1197e-01,  6.5405e-01,  7.1009e-01,
          2.0297e+00,  4.6790e-01,  3.0298e-03, -1.3074e-03],
        [-1.8664e+01, -8.3375e+01, -5.1405e-01,  6.1377e-01,  6.4436e-01,
          1.6464e+00,  7.0071e-01,  2.9761e-02,  3.4490e-03],
        [ 6.5855e+00, -8.8141e+01, -2.9738e-01,  4.9562e+00,  1.9976e+00,
          1.8057e+00, -2.4139e+00, -8.9639e-03, -8.4298e-03],
        [ 9.7434e+01,  1.4871e+01,  1.5302e+00,  4.6025e+00,  2.0240e+00,
          1.8599e+00,  1.4794e-01,  2.4893e-02,  1.6812e-02],
        [-1.0959e+02, -4.4313e+01,  5.6983e-01,  4.0540e+00,  1.8501e+00,
          1.6027e+00,  3.0331e+00, -3.7977e-02,  1.4520e-02],
        [ 8.9141e+01,  1.2616e+01,  1.2628e+00,  4.2804e+00,  1.8384e+00,
          1.8416e+00,  2.1339e+00, -3.5465e-03,  7.1417e-03],
        [ 3.0097e+00,  1.3914e+01,  1.7542e+00,  4.2915e+00,  1.8599e+00,
          1.7755e+00,  1.9925e+00, -1.8206e-02,  1.1181e-02],
        [-2.8622e+01, -8.5638e+01, -5.1598e-01,  4.4174e-01,  5.3062e-01,
          1.5584e+00,  1.4715e+00, -1.7797e-02, -2.0392e-03],
        [ 4.1456e+01, -1.9673e+01, -8.6530e-01,  4.0420e+00,  1.7052e+00,
          1.6438e+00, -6.9794e-01,  2.1176e-02, -1.9933e-02],
        [-4.0812e+01, -8.2163e+01, -5.8064e-01,  4.5439e-01,  5.1629e-01,
          1.5414e+00,  9.1921e-01, -9.7904e-04,  4.5626e-03],
        [ 5.2330e+01,  2.3838e+01,  1.9932e+00,  4.2807e+00,  1.8969e+00,
          1.7383e+00,  2.7888e+00, -1.7561e-02,  1.4726e-02],
        [-5.2990e+01, -9.3574e+01, -6.2336e-01,  4.2327e-01,  5.2498e-01,
          1.5833e+00, -2.6276e+00, -1.3256e-02, -1.1478e-02],
        [-5.6154e+01, -8.2388e+01, -1.9710e+00,  4.0100e+00,  1.6886e+00,
          1.6200e+00,  2.3571e+00,  1.0725e-04, -6.1441e-03],
        [-3.6299e+01, -6.2540e+01,  2.9189e-01,  3.7967e+00,  1.6845e+00,
          1.6393e+00, -1.2285e+00,  1.0775e-02, -2.9422e-02],
        [ 7.9556e+01, -5.4930e+01, -6.7589e-02,  5.9733e-01,  6.4637e-01,
          1.8376e+00,  2.0272e+00, -7.3273e-03,  1.4857e-02],
        [ 9.4884e+01,  3.1846e+01,  1.1202e+00,  3.3993e+00,  1.6059e+00,
          1.4960e+00, -2.9363e-01,  2.3129e-02, -5.0273e-03],
        [ 6.5743e+01, -2.9925e+01, -8.6665e-01,  3.7477e+00,  1.6154e+00,
          1.4986e+00, -9.3759e-02,  1.2555e-02, -1.8855e-03],
        [-6.9313e+01, -1.1918e+02,  1.9169e+00,  3.9412e+00,  1.7327e+00,
          1.6528e+00, -1.4912e+00,  2.2068e-03, -3.0096e-02],
        [-1.1015e+00,  1.1416e+01,  5.0655e-01,  4.8548e-01,  5.9131e-01,
          1.8367e+00,  2.7796e-01,  8.1746e-03,  1.1517e-03],
        [-7.5607e+01, -8.4293e+00,  5.7404e-01,  4.7026e-01,  5.7145e-01,
          1.7390e+00, -4.9941e-01,  2.2235e-03,  2.1318e-03],
        [-8.6575e+01, -4.8848e+01, -6.2018e-01,  3.9050e-01,  5.0530e-01,
          1.6726e+00,  6.7357e-01,  1.8421e-02, -2.5573e-03],
        [ 7.2416e+00, -8.5980e+01, -6.2639e-01,  4.5800e-01,  5.4857e-01,
          1.6889e+00,  1.9985e+00, -1.9689e-02,  7.0394e-03],
        [-1.0960e+02, -3.2139e+01, -1.5166e+00,  4.1922e+00,  1.7541e+00,
          1.6506e+00,  9.9650e-02,  8.7843e-03, -6.4255e-03],
        [ 1.2646e+01, -8.7854e+01, -7.3030e-01,  5.8303e-01,  6.3538e-01,
          1.6929e+00, -1.2750e+00,  1.8012e-03, -1.2249e-02],
        [-6.1880e+01, -3.5702e+01, -1.8690e+00,  4.4743e+00,  1.7923e+00,
          1.7436e+00,  7.6111e-01,  5.7215e-03,  1.6815e-03],
        [-3.6652e+01, -8.3354e+01,  1.5336e+00,  3.7818e+00,  1.7057e+00,
          1.6159e+00, -5.4745e-01,  1.7460e-02, -1.0945e-02],
        [-7.1740e+00,  3.6219e+00, -1.8834e-01,  4.1992e+00,  1.7117e+00,
          1.6143e+00, -1.5777e+00, -5.5540e-03, -1.3514e-02],
        [-2.2885e+01, -5.0125e+01, -8.9943e-01,  5.1584e-01,  5.8472e-01,
          1.5388e+00,  2.4820e+00, -1.5603e-02, -3.6744e-03],
        [-5.6467e+01, -8.3664e+01, -6.4952e-01,  4.3274e+00,  1.8286e+00,
          1.6896e+00,  5.1606e-01,  1.1653e-02, -9.7167e-03],
        [ 4.3397e+01, -1.7762e+01, -7.1819e-01,  3.0658e+00,  1.4761e+00,
          1.7269e+00,  2.9819e+00, -1.2576e-02, -2.1045e-04]])), 'labels_3d': tensor([0, 0, 0, 0, 0, 0, 0, 0, 0, 0, 0, 0, 0, 0, 0, 0, 0, 0, 0, 0, 0, 0, 0, 0,
        0, 0, 0, 0, 0, 0, 0, 0, 0, 0, 0, 0, 0, 0, 0, 4, 0, 0, 0, 0, 0, 0, 0, 0,
        0, 4, 0, 4, 4, 0, 0, 0, 4, 0, 4, 0, 4, 0, 0, 0, 0, 0, 4, 4, 4, 0, 0, 0,
        0, 0, 4, 0, 4, 0, 4, 0, 0, 4, 0, 0, 0, 4, 4, 4, 4, 0, 4, 0, 0, 0, 4, 0,
        0], dtype=torch.int32)}, 'gt_instances': {}, 'eval_ann_info': {'gt_bboxes_labels': array([0, 0, 0, 0, 0, 0, 0, 0, 0, 0, 0, 0, 0, 0, 0, 0, 0, 0, 0, 0, 0, 2,
       2, 2, 4, 4, 2, 0, 0, 0, 0, 4]), 'gt_bboxes_3d': LiDARInstance3DBoxes(
    tensor([[ 3.7003e+01, -4.3265e-01, -1.4011e-01,  4.9116e+00,  1.8794e+00,
          1.5584e+00, -2.8590e+00, -9.4163e+00, -2.7458e+00],
        [-4.7134e+00, -8.6449e+00, -2.6053e-01,  3.2428e+00,  1.5491e+00,
          1.7985e+00, -3.0419e+00, -4.6471e-01, -1.9533e-02],
        [ 6.2242e+01, -2.1105e+01, -5.7979e-01,  4.6441e+00,  1.7189e+00,
          1.8715e+00, -1.3406e+00, -5.2354e-03, -4.6175e-01],
        [ 8.3208e+00, -2.9201e+01, -8.0998e-01,  4.7805e+00,  1.9800e+00,
          1.8648e+00, -1.3723e+00, -5.0065e-02, -1.9245e-01],
        [ 4.2220e+01, -2.0842e+01, -4.7005e-01,  4.0559e+00,  1.7664e+00,
          1.5359e+00, -1.3929e+00,  8.0068e-02,  6.6104e-02],
        [ 3.8394e+01, -3.4533e+01, -8.3660e-01,  3.5209e+00,  1.5662e+00,
          1.8648e+00, -1.3704e+00, -2.6578e-01, -3.2643e-01],
        [ 2.1357e+01, -3.9022e+01, -8.8409e-01,  4.7805e+00,  1.9034e+00,
          1.5618e+00, -1.3379e+00,  0.0000e+00,  0.0000e+00],
        [ 1.8741e+01, -3.9075e+01, -9.0732e-01,  5.1951e+00,  1.8398e+00,
          1.5645e+00, -1.3198e+00,  0.0000e+00,  0.0000e+00],
        [ 1.6179e+01, -3.9544e+01, -9.4157e-01,  3.5059e+00,  1.9034e+00,
          1.9204e+00, -1.3978e+00, -4.8189e-01, -1.0481e-01],
        [ 4.9244e+00, -4.5933e+01, -5.0389e-01,  4.0858e+00,  1.9034e+00,
          1.4498e+00,  2.6679e-01, -7.7581e-01, -3.0012e-01],
        [ 7.3265e+01, -6.8130e+00,  1.4467e-01,  5.1690e+00,  1.9034e+00,
          1.9876e+00, -1.0720e+00, -1.2347e-01, -1.1021e-01],
        [ 7.1715e+01, -6.5351e+01, -4.0066e-01,  3.4808e+00,  1.6679e+00,
          1.4873e+00, -2.8594e+00, -4.2979e-01, -7.3812e-02],
        [ 7.2870e+00,  1.6563e+01,  6.5798e-01,  4.4796e+00,  1.7506e+00,
          1.7179e+00,  1.7869e-01,  6.7716e-02,  2.2545e-02],
        [ 6.5842e+00,  1.9003e+01,  6.7523e-01,  4.4796e+00,  1.7506e+00,
          1.7179e+00,  1.3828e-01, -2.4039e-02,  1.3782e-01],
        [ 6.0246e+00,  2.1505e+01,  7.0055e-01,  4.1918e+00,  1.7506e+00,
          1.7179e+00,  1.5265e-01,  9.9490e-02,  4.7613e-02],
        [ 1.7048e+01,  1.7824e+01,  6.7098e-01,  3.6862e+00,  1.7506e+00,
          1.5220e+00, -2.9007e-01, -4.3018e-01,  2.3696e-02],
        [ 5.2616e+01,  2.4885e+01,  8.9090e-01,  4.7942e+00,  1.9364e+00,
          1.7833e+00,  3.1856e-01, -3.4408e-02, -1.9031e-01],
        [ 6.3027e+01, -5.3812e+01, -8.4153e-01,  4.2510e+00,  1.8309e+00,
          1.9018e+00, -2.3336e+00, -3.9853e-01, -3.2440e-01],
        [-3.8906e+01, -3.1717e+01, -7.0649e-01,  3.6819e+00,  1.4792e+00,
          1.5451e+00,  2.6410e+00, -1.6118e-01, -1.7880e-01],
        [-4.1344e+01, -3.3255e+01, -8.1639e-01,  3.4818e+00,  1.4792e+00,
          1.8517e+00,  2.6122e+00,  3.9155e-01, -1.4676e-01],
        [-1.5907e+02, -3.5442e+01, -2.4891e+00,  3.2428e+00,  1.7769e+00,
          1.7985e+00,  1.9296e-01,  1.2491e+01,  2.5458e+00],
        [ 2.1084e+00, -1.8944e+01, -7.3579e-01,  7.0667e+00,  2.2733e+00,
          2.6650e+00,  6.0109e-01, -2.3062e-01, -1.1590e-01],
        [ 1.4691e+01, -1.4772e+01, -6.0948e-01,  7.2275e+00,  2.2714e+00,
          2.9586e+00,  6.1468e-01, -1.4940e-01, -8.6097e-02],
        [ 2.3324e+01, -1.2762e+01, -6.1229e-01,  7.0732e+00,  2.0991e+00,
          2.7399e+00,  5.9675e-01, -2.8012e-01, -1.3530e-01],
        [-2.1454e+01, -5.1066e+01, -1.0874e+00,  4.9731e-01,  8.0048e-01,
          1.7535e+00,  1.0156e+00, -5.1226e-02, -8.6365e-02],
        [-2.2488e+01, -5.1197e+01, -1.0628e+00,  4.9731e-01,  6.6974e-01,
          1.5922e+00,  1.0156e+00, -5.3142e-01, -2.0399e-01],
        [-8.0078e+00, -6.3223e+01, -9.1232e-01,  7.0667e+00,  2.2733e+00,
          2.3252e+00,  2.6321e+00, -4.2664e-01,  1.1331e-01],
        [-2.3239e+01,  5.5089e+00, -7.3297e-02,  3.6819e+00,  1.4792e+00,
          1.5101e+00, -1.0736e+00,  1.8489e+00, -2.4821e+00],
        [ 7.7193e+00,  1.4193e+01,  5.8834e-01,  3.4451e+00,  1.5694e+00,
          1.7658e+00,  1.7787e-01,  9.2507e-02, -6.2304e-02],
        [ 7.4655e+01,  3.6504e+01,  1.2219e+00,  4.0614e+00,  2.1240e+00,
          1.7349e+00,  1.3077e+00, -1.3256e-01, -1.1919e-01],
        [ 6.6448e+01, -6.6518e+01, -6.5216e-01,  3.4808e+00,  1.6679e+00,
          1.8350e+00, -2.8873e+00, -6.4503e-01, -2.5717e-01],
        [-2.2892e+01, -5.0222e+01, -1.0961e+00,  4.9731e-01,  6.6974e-01,
          1.9148e+00,  1.0156e+00, -1.2828e-01, -1.8984e-01]])), 'bbox_3d_isvalid': array([ True,  True,  True,  True,  True,  True,  True,  True,  True,
        True,  True,  True,  True,  True,  True,  True,  True,  True,
        True,  True,  True,  True,  True,  True,  True,  True,  True,
        True,  True,  True,  True,  True]), 'gt_labels_3d': array([0, 0, 0, 0, 0, 0, 0, 0, 0, 0, 0, 0, 0, 0, 0, 0, 0, 0, 0, 0, 0, 2,
       2, 2, 4, 4, 2, 0, 0, 0, 0, 4]), 'num_lidar_pts': array([ 223,  798,   65,  133,    3,    3,    8,   39,   76,    2,   37,
          5,  218,   78,   91,  160,   19,   14,   57,   28,    7,  839,
       2394, 1354,    4,    5,   96,  122,  503,    6,    3,    6]), 'num_radar_pts': array([0, 0, 0, 0, 0, 0, 0, 0, 0, 0, 0, 0, 0, 0, 0, 0, 0, 0, 0, 0, 0, 0,
       0, 0, 0, 0, 0, 0, 0, 0, 0, 0]), 'velocities': array([[-9.41628551e+00, -2.74575329e+00],
       [-4.64714289e-01, -1.95329543e-02],
       [-5.23540378e-03, -4.61754411e-01],
       [-5.00647612e-02, -1.92447022e-01],
       [ 8.00676346e-02,  6.61042780e-02],
       [-2.65779316e-01, -3.26428682e-01],
       [ 0.00000000e+00,  0.00000000e+00],
       [ 0.00000000e+00,  0.00000000e+00],
       [-4.81888622e-01, -1.04807831e-01],
       [-7.75809407e-01, -3.00121218e-01],
       [-1.23474427e-01, -1.10214874e-01],
       [-4.29792911e-01, -7.38122985e-02],
       [ 6.77162185e-02,  2.25450974e-02],
       [-2.40387972e-02,  1.37824208e-01],
       [ 9.94900987e-02,  4.76134121e-02],
       [-4.30179179e-01,  2.36961655e-02],
       [-3.44080068e-02, -1.90311521e-01],
       [-3.98532957e-01, -3.24401945e-01],
       [-1.61176920e-01, -1.78799108e-01],
       [ 3.91547889e-01, -1.46760255e-01],
       [ 1.24912176e+01,  2.54582977e+00],
       [-2.30617031e-01, -1.15895480e-01],
       [-1.49402484e-01, -8.60971138e-02],
       [-2.80116588e-01, -1.35303959e-01],
       [-5.12255803e-02, -8.63654464e-02],
       [-5.31421304e-01, -2.03986004e-01],
       [-4.26638275e-01,  1.13314800e-01],
       [ 1.84885323e+00, -2.48209095e+00],
       [ 9.25068185e-02, -6.23040870e-02],
       [-1.32555693e-01, -1.19186394e-01],
       [-6.45027936e-01, -2.57171571e-01],
       [-1.28280401e-01, -1.89842433e-01]], dtype=float32), 'gt_nusc_name': array(['car', 'car', 'car', 'car', 'car', 'car', 'car', 'car', 'car',
       'car', 'car', 'car', 'car', 'car', 'car', 'car', 'car', 'car',
       'car', 'car', 'car', 'bus', 'bus', 'bus', 'pedestrian',
       'pedestrian', 'bus', 'car', 'car', 'car', 'car', 'pedestrian'],
      dtype='<U10'), 'gt_attrs': array([['vehicle_state.driving', 'occlusion_state.none',
        'extremities_state.protruding_object'],
       ['vehicle_state.driving', 'occlusion_state.none',
        'extremities_state.protruding_object'],
       ['vehicle_state.driving', 'occlusion_state.partial',
        'extremities_state.none'],
       ['vehicle_state.parked', 'extremities_state.none',
        'occlusion_state.partial'],
       ['vehicle_state.parked', 'extremities_state.none',
        'occlusion_state.most'],
       ['vehicle_state.parked', 'extremities_state.none',
        'occlusion_state.partial'],
       ['vehicle_state.parked', 'extremities_state.none',
        'occlusion_state.most'],
       ['vehicle_state.parked', 'extremities_state.none',
        'occlusion_state.partial'],
       ['vehicle_state.parked', 'extremities_state.none',
        'occlusion_state.partial'],
       ['vehicle_state.parked', 'extremities_state.none',
        'occlusion_state.partial'],
       ['vehicle_state.parked', 'extremities_state.none',
        'occlusion_state.most'],
       ['vehicle_state.parked', 'extremities_state.none',
        'occlusion_state.most'],
       ['extremities_state.none', 'vehicle_state.parked',
        'occlusion_state.most'],
       ['extremities_state.none', 'vehicle_state.parked',
        'occlusion_state.most'],
       ['extremities_state.none', 'vehicle_state.parked',
        'occlusion_state.most'],
       ['occlusion_state.partial', 'extremities_state.none',
        'vehicle_state.parked'],
       ['occlusion_state.partial', 'vehicle_state.parked',
        'extremities_state.none'],
       ['extremities_state.none', 'vehicle_state.driving',
        'occlusion_state.most'],
       ['extremities_state.none', 'vehicle_state.parked',
        'occlusion_state.none'],
       ['extremities_state.none', 'vehicle_state.parked',
        'occlusion_state.most'],
       ['vehicle_state.driving', 'extremities_state.none',
        'occlusion_state.most'],
       ['extremities_state.protruding_object', 'occlusion_state.none',
        'vehicle_state.parked'],
       ['extremities_state.protruding_object', 'occlusion_state.none',
        'vehicle_state.parked'],
       ['occlusion_state.none', 'extremities_state.protruding_object',
        'vehicle_state.parked'],
       ['extremities_state.none', 'occlusion_state.partial',
        'pedestrian_state.standing'],
       ['extremities_state.none', 'occlusion_state.partial',
        'pedestrian_state.standing'],
       ['vehicle_state.driving', 'occlusion_state.none',
        'extremities_state.protruding_object'],
       ['vehicle_state.driving', 'occlusion_state.none',
        'extremities_state.protruding_object'],
       ['occlusion_state.partial', 'extremities_state.none',
        'vehicle_state.parked'],
       ['vehicle_state.parked', 'extremities_state.open_door',
        'occlusion_state.most'],
       ['vehicle_state.parked', 'extremities_state.none',
        'occlusion_state.partial'],
       ['extremities_state.none', 'occlusion_state.most',
        'pedestrian_state.standing']], dtype='<U35'), 'instances': [{'bbox_label': 0, 'bbox_3d': [37.003042772522164, -0.4326505840181891, 0.6391044333142671, 4.911552441408478, 1.879402720410175, 1.5584218000828192, -2.8590021191666346], 'bbox_3d_isvalid': True, 'bbox_label_3d': 0, 'num_lidar_pts': 223, 'num_radar_pts': 0, 'velocity': [-9.416285800943829, -2.7457533763548856], 'gt_nusc_name': 'car', 'gt_attrs': ['vehicle_state.driving', 'occlusion_state.none', 'extremities_state.protruding_object']}, {'bbox_label': 0, 'bbox_3d': [-4.713449878372123, -8.644850519617924, 0.6387416284375909, 3.2428093146389187, 1.5491069704669926, 1.798538973925895, -3.0419458241135158], 'bbox_3d_isvalid': True, 'bbox_label_3d': 0, 'num_lidar_pts': 798, 'num_radar_pts': 0, 'velocity': [-0.46471427833115436, -0.019532953458018143], 'gt_nusc_name': 'car', 'gt_attrs': ['vehicle_state.driving', 'occlusion_state.none', 'extremities_state.protruding_object']}, {'bbox_label': 0, 'bbox_3d': [62.2421392271438, -21.104656049805957, 0.35593583901222364, 4.644059922132344, 1.718947986760645, 1.8714599609375, -1.340565669931568], 'bbox_3d_isvalid': True, 'bbox_label_3d': 0, 'num_lidar_pts': 65, 'num_radar_pts': 0, 'velocity': [-0.005235403651691589, -0.46175442371733844], 'gt_nusc_name': 'car', 'gt_attrs': ['vehicle_state.driving', 'occlusion_state.partial', 'extremities_state.none']}, {'bbox_label': 0, 'bbox_3d': [8.320802981506569, -29.20083254197878, 0.12242622145105989, 4.7804830112282195, 1.9799768419164676, 1.86480712890625, -1.3722789105384825], 'bbox_3d_isvalid': True, 'bbox_label_3d': 0, 'num_lidar_pts': 133, 'num_radar_pts': 0, 'velocity': [-0.050064759827620556, -0.19244702258459756], 'gt_nusc_name': 'car', 'gt_attrs': ['vehicle_state.parked', 'extremities_state.none', 'occlusion_state.partial']}, {'bbox_label': 0, 'bbox_3d': [42.219918072224345, -20.842076716707094, 0.29790750188529036, 4.055903256088574, 1.7663762177597155, 1.5359099034483086, -1.392925547491398], 'bbox_3d_isvalid': True, 'bbox_label_3d': 0, 'num_lidar_pts': 3, 'num_radar_pts': 0, 'velocity': [0.0800676327241787, 0.06610427615973048], 'gt_nusc_name': 'car', 'gt_attrs': ['vehicle_state.parked', 'extremities_state.none', 'occlusion_state.most']}, {'bbox_label': 0, 'bbox_3d': [25.511289643039476, -25.396228932944897, 0.16387023624817257, 4.055903256088574, 1.7663762177597155, 1.4125421623130974, -1.340565669931568], 'bbox_3d_isvalid': False, 'bbox_label_3d': 0, 'num_lidar_pts': 0, 'num_radar_pts': 0, 'velocity': [0.28025746972779697, -0.18058556614902999], 'gt_nusc_name': 'car', 'gt_attrs': ['vehicle_state.parked', 'extremities_state.none', 'occlusion_state.most']}, {'bbox_label': 0, 'bbox_3d': [38.39398147764304, -34.533107617156816, 0.09580088734997279, 3.5209264408257894, 1.5662180218640467, 1.86480712890625, -1.370398882542324], 'bbox_3d_isvalid': True, 'bbox_label_3d': 0, 'num_lidar_pts': 3, 'num_radar_pts': 0, 'velocity': [-0.2657793113698853, -0.32642867702077955], 'gt_nusc_name': 'car', 'gt_attrs': ['vehicle_state.parked', 'extremities_state.none', 'occlusion_state.partial']}, {'bbox_label': 0, 'bbox_3d': [21.35720642736902, -39.02172516353679, -0.10317120361354423, 4.7804830112282195, 1.903426116631936, 1.5618328289801555, -1.3378616145414348], 'bbox_3d_isvalid': True, 'bbox_label_3d': 0, 'num_lidar_pts': 8, 'num_radar_pts': 0, 'velocity': [nan, nan], 'gt_nusc_name': 'car', 'gt_attrs': ['vehicle_state.parked', 'extremities_state.none', 'occlusion_state.most']}, {'bbox_label': 0, 'bbox_3d': [18.741467897803375, -39.0750139996362, -0.12507115289169551, 5.195132835111994, 1.8397843922127768, 1.5645012359461836, -1.3198132285004756], 'bbox_3d_isvalid': True, 'bbox_label_3d': 0, 'num_lidar_pts': 39, 'num_radar_pts': 0, 'velocity': [nan, nan], 'gt_nusc_name': 'car', 'gt_attrs': ['vehicle_state.parked', 'extremities_state.none', 'occlusion_state.partial']}, {'bbox_label': 0, 'bbox_3d': [16.17891110230508, -39.54357966287446, 0.01860635882159429, 3.505882004921156, 1.903426116631936, 1.920360697873633, -1.3977651164639218], 'bbox_3d_isvalid': True, 'bbox_label_3d': 0, 'num_lidar_pts': 76, 'num_radar_pts': 0, 'velocity': [-0.4818886174863752, -0.10480783184444642], 'gt_nusc_name': 'car', 'gt_attrs': ['vehicle_state.parked', 'extremities_state.none', 'occlusion_state.partial']}, {'bbox_label': 0, 'bbox_3d': [4.92440677211688, -45.932624134258106, 0.2210073760525439, 4.085819073659119, 1.903426116631936, 1.4497902584044942, 0.2667885042734188], 'bbox_3d_isvalid': True, 'bbox_label_3d': 0, 'num_lidar_pts': 2, 'num_radar_pts': 0, 'velocity': [-0.7758093892759068, -0.30012120592417596], 'gt_nusc_name': 'car', 'gt_attrs': ['vehicle_state.parked', 'extremities_state.none', 'occlusion_state.partial']}, {'bbox_label': 0, 'bbox_3d': [73.26523622805658, -6.812993505637994, 1.1384672373576186, 5.168990624699326, 1.903426116631936, 1.987594597167669, -1.0719583510299358], 'bbox_3d_isvalid': True, 'bbox_label_3d': 0, 'num_lidar_pts': 37, 'num_radar_pts': 0, 'velocity': [-0.12347442713112679, -0.11021487605528826], 'gt_nusc_name': 'car', 'gt_attrs': ['vehicle_state.parked', 'extremities_state.none', 'occlusion_state.most']}, {'bbox_label': 0, 'bbox_3d': [71.71547426342858, -65.35058026771681, 0.3429913075514482, 3.480789192550547, 1.6679312036449838, 1.4873013078063277, -2.859386447229918], 'bbox_3d_isvalid': True, 'bbox_label_3d': 0, 'num_lidar_pts': 5, 'num_radar_pts': 0, 'velocity': [-0.42979289627535344, -0.0738123011335948], 'gt_nusc_name': 'car', 'gt_attrs': ['vehicle_state.parked', 'extremities_state.none', 'occlusion_state.most']}, {'bbox_label': 0, 'bbox_3d': [7.286989638071083, 16.56345496179042, 1.516956405988775, 4.479610283704806, 1.7506004839422493, 1.7179457150483155, 0.17868824857537388], 'bbox_3d_isvalid': True, 'bbox_label_3d': 0, 'num_lidar_pts': 218, 'num_radar_pts': 0, 'velocity': [0.0677162199483515, 0.022545096763414395], 'gt_nusc_name': 'car', 'gt_attrs': ['extremities_state.none', 'vehicle_state.parked', 'occlusion_state.most']}, {'bbox_label': 0, 'bbox_3d': [6.584225033862893, 19.00254862352194, 1.534203121888389, 4.479610283704806, 1.7506004839422493, 1.7179457150483155, 0.1382841081437875], 'bbox_3d_isvalid': True, 'bbox_label_3d': 0, 'num_lidar_pts': 78, 'num_radar_pts': 0, 'velocity': [-0.024038797004232032, 0.13782421276106507], 'gt_nusc_name': 'car', 'gt_attrs': ['extremities_state.none', 'vehicle_state.parked', 'occlusion_state.most']}, {'bbox_label': 0, 'bbox_3d': [6.024591883004056, 21.504525841372583, 1.5595196532000102, 4.191775647359541, 1.7506004839422493, 1.7179457150483155, 0.15265355550077736], 'bbox_3d_isvalid': True, 'bbox_label_3d': 0, 'num_lidar_pts': 91, 'num_radar_pts': 0, 'velocity': [0.09949009996504228, 0.04761341256377383], 'gt_nusc_name': 'car', 'gt_attrs': ['extremities_state.none', 'vehicle_state.parked', 'occlusion_state.most']}, {'bbox_label': 0, 'bbox_3d': [17.048074242836304, 17.823832002742485, 1.4319566867889308, 3.6862429088146214, 1.7506004839422493, 1.5219526510429462, -0.29007034901481077], 'bbox_3d_isvalid': True, 'bbox_label_3d': 0, 'num_lidar_pts': 160, 'num_radar_pts': 0, 'velocity': [-0.4301791713590339, 0.02369616466464712], 'gt_nusc_name': 'car', 'gt_attrs': ['occlusion_state.partial', 'extremities_state.none', 'vehicle_state.parked']}, {'bbox_label': 0, 'bbox_3d': [52.61559517677756, 24.885176795944744, 1.782557181687043, 4.7942067835061515, 1.9363967218134666, 1.7833153917786053, 0.3185566064278565], 'bbox_3d_isvalid': True, 'bbox_label_3d': 0, 'num_lidar_pts': 19, 'num_radar_pts': 0, 'velocity': [-0.034408008374662534, -0.19031152099381654], 'gt_nusc_name': 'car', 'gt_attrs': ['occlusion_state.partial', 'vehicle_state.parked', 'extremities_state.none']}, {'bbox_label': 0, 'bbox_3d': [63.027314058266, -53.81230374046976, 0.10936248760541223, 4.250984190653176, 1.8309416302332948, 1.90178831019696, -2.333576247788881], 'bbox_3d_isvalid': True, 'bbox_label_3d': 0, 'num_lidar_pts': 14, 'num_radar_pts': 0, 'velocity': [-0.39853294910041903, -0.3244019576704328], 'gt_nusc_name': 'car', 'gt_attrs': ['extremities_state.none', 'vehicle_state.driving', 'occlusion_state.most']}, {'bbox_label': 0, 'bbox_3d': [-38.90576345895019, -31.717113331720583, 0.06607550125658118, 3.681944064326488, 1.4791930807213518, 1.5451408179492085, 2.641015662236151], 'bbox_3d_isvalid': True, 'bbox_label_3d': 0, 'num_lidar_pts': 57, 'num_radar_pts': 0, 'velocity': [-0.16117692382516555, -0.17879910316702408], 'gt_nusc_name': 'car', 'gt_attrs': ['extremities_state.none', 'vehicle_state.parked', 'occlusion_state.none']}, {'bbox_label': 0, 'bbox_3d': [-41.344315609777, -33.25504046854917, 0.10945636149352507, 3.4817760685518495, 1.4791930807213518, 1.8516928662493004, 2.612225173833581], 'bbox_3d_isvalid': True, 'bbox_label_3d': 0, 'num_lidar_pts': 28, 'num_radar_pts': 0, 'velocity': [0.3915478985194223, -0.14676025259681524], 'gt_nusc_name': 'car', 'gt_attrs': ['extremities_state.none', 'vehicle_state.parked', 'occlusion_state.most']}, {'bbox_label': 0, 'bbox_3d': [-159.06702401281956, -35.44216840951469, -1.5898132582826092, 3.2428093146389187, 1.7769111359599328, 1.798538973925895, 0.19296135456402572], 'bbox_3d_isvalid': True, 'bbox_label_3d': 0, 'num_lidar_pts': 7, 'num_radar_pts': 0, 'velocity': [12.491217438215163, 2.5458296930112327], 'gt_nusc_name': 'car', 'gt_attrs': ['vehicle_state.driving', 'extremities_state.none', 'occlusion_state.most']}, {'bbox_label': 2, 'bbox_3d': [2.1084304602455464, -18.943518933931628, 0.5967171357342452, 7.0666870802618345, 2.2733000135211077, 2.665023786882752, 0.6010903878468413], 'bbox_3d_isvalid': True, 'bbox_label_3d': 2, 'num_lidar_pts': 839, 'num_radar_pts': 0, 'velocity': [-0.23061703253177115, -0.11589547936026398], 'gt_nusc_name': 'bus', 'gt_attrs': ['extremities_state.protruding_object', 'occlusion_state.none', 'vehicle_state.parked']}, {'bbox_label': 2, 'bbox_3d': [14.690889969266372, -14.771867476005568, 0.8698267870493472, 7.227500173481719, 2.2713554696401532, 2.9586089166309444, 0.6146789975813105], 'bbox_3d_isvalid': True, 'bbox_label_3d': 2, 'num_lidar_pts': 2394, 'num_radar_pts': 0, 'velocity': [-0.14940248341312073, -0.0860971142620396], 'gt_nusc_name': 'bus', 'gt_attrs': ['extremities_state.protruding_object', 'occlusion_state.none', 'vehicle_state.parked']}, {'bbox_label': 2, 'bbox_3d': [23.324104504597585, -12.761884201377248, 0.7576444610859269, 7.073249131849129, 2.0991172466160872, 2.7398681640625, 0.5967497997821387], 'bbox_3d_isvalid': True, 'bbox_label_3d': 2, 'num_lidar_pts': 1354, 'num_radar_pts': 0, 'velocity': [-0.2801165777217796, -0.13530395296249456], 'gt_nusc_name': 'bus', 'gt_attrs': ['occlusion_state.none', 'extremities_state.protruding_object', 'vehicle_state.parked']}, {'bbox_label': 4, 'bbox_3d': [-21.4540093191026, -51.06567721590787, -0.2105930712840223, 0.497311429353019, 0.8004848212293427, 1.7535326634146045, 1.015628820260778], 'bbox_3d_isvalid': True, 'bbox_label_3d': 4, 'num_lidar_pts': 4, 'num_radar_pts': 0, 'velocity': [-0.05122557868368775, -0.08636544796713377], 'gt_nusc_name': 'pedestrian', 'gt_attrs': ['extremities_state.none', 'occlusion_state.partial', 'pedestrian_state.standing']}, {'bbox_label': 4, 'bbox_3d': [-22.487761345729226, -51.19748505684877, -0.266687395345236, 0.497311429353019, 0.6697383574190152, 1.5922372386047152, 1.015628820260778], 'bbox_3d_isvalid': True, 'bbox_label_3d': 4, 'num_lidar_pts': 5, 'num_radar_pts': 0, 'velocity': [-0.5314213192027424, -0.20398600191951377], 'gt_nusc_name': 'pedestrian', 'gt_attrs': ['extremities_state.none', 'occlusion_state.partial', 'pedestrian_state.standing']}, {'bbox_label': 2, 'bbox_3d': [-8.007826986588666, -63.2227722403474, 0.2502595792385617, 7.0666870802618345, 2.2733000135211077, 2.3251526191954417, 2.6321361065450146], 'bbox_3d_isvalid': True, 'bbox_label_3d': 2, 'num_lidar_pts': 96, 'num_radar_pts': 0, 'velocity': [-0.4266382863307093, 0.11331479746481872], 'gt_nusc_name': 'bus', 'gt_attrs': ['vehicle_state.driving', 'occlusion_state.none', 'extremities_state.protruding_object']}, {'bbox_label': 0, 'bbox_3d': [-23.239167476174035, 5.508928365938404, 0.681750903753475, 3.681944064326488, 1.4791930807213518, 1.5100959568980379, -1.0735944065371315], 'bbox_3d_isvalid': True, 'bbox_label_3d': 0, 'num_lidar_pts': 122, 'num_radar_pts': 0, 'velocity': [1.8488532071610662, -2.482091052570608], 'gt_nusc_name': 'car', 'gt_attrs': ['vehicle_state.driving', 'occlusion_state.none', 'extremities_state.protruding_object']}, {'bbox_label': 0, 'bbox_3d': [7.719288013787742, 14.193129064327008, 1.4712268279028906, 3.4451456609734987, 1.569416246574546, 1.7657716491179571, 0.1778707793034993], 'bbox_3d_isvalid': True, 'bbox_label_3d': 0, 'num_lidar_pts': 503, 'num_radar_pts': 0, 'velocity': [0.0925068219854004, -0.0623040875429938], 'gt_nusc_name': 'car', 'gt_attrs': ['occlusion_state.partial', 'extremities_state.none', 'vehicle_state.parked']}, {'bbox_label': 0, 'bbox_3d': [74.6547136062569, 36.50408981635897, 2.089376981561855, 4.061438555242922, 2.1239646476246485, 1.7349098937297065, 1.307744840709157], 'bbox_3d_isvalid': True, 'bbox_label_3d': 0, 'num_lidar_pts': 6, 'num_radar_pts': 0, 'velocity': [-0.13255569356722238, -0.11918639404467762], 'gt_nusc_name': 'car', 'gt_attrs': ['vehicle_state.parked', 'extremities_state.open_door', 'occlusion_state.most']}, {'bbox_label': 0, 'bbox_3d': [66.44826542316586, -66.51756010690795, 0.26534956902288176, 3.480789192550547, 1.6679312036449838, 1.835020487373117, -2.887265274316322], 'bbox_3d_isvalid': True, 'bbox_label_3d': 0, 'num_lidar_pts': 3, 'num_radar_pts': 0, 'velocity': [-0.6450279549879757, -0.25717158157000575], 'gt_nusc_name': 'car', 'gt_attrs': ['vehicle_state.parked', 'extremities_state.none', 'occlusion_state.partial']}, {'bbox_label': 4, 'bbox_3d': [-22.891786298118976, -50.22194041825243, -0.13872095737793144, 0.497311429353019, 0.6697383574190152, 1.9148280882244935, 1.015628820260778], 'bbox_3d_isvalid': True, 'bbox_label_3d': 4, 'num_lidar_pts': 6, 'num_radar_pts': 0, 'velocity': [-0.1282803957643454, -0.18984242841238624], 'gt_nusc_name': 'pedestrian', 'gt_attrs': ['extremities_state.none', 'occlusion_state.most', 'pedestrian_state.standing']}]}, 'gt_pts_seg': {}, 'gt_instances_3d': {}}
--- Data Sample 1 ---
{'sample_idx': 1, 'num_pts_feats': 5, 'cam2img': [[[1170.85645, 0.0, 971.92207], [0.0, 1204.29993, 651.75899], [0.0, 0.0, 1.0]], [[1170.85645, 0.0, 971.92207], [0.0, 1204.29993, 651.75899], [0.0, 0.0, 1.0]], [[1170.85645, 0.0, 971.92207], [0.0, 1204.29993, 651.75899], [0.0, 0.0, 1.0]], [[1170.85645, 0.0, 971.92207], [0.0, 1204.29993, 651.75899], [0.0, 0.0, 1.0]], [[1170.85645, 0.0, 971.92207], [0.0, 1204.29993, 651.75899], [0.0, 0.0, 1.0]], [[1170.85645, 0.0, 971.92207], [0.0, 1204.29993, 651.75899], [0.0, 0.0, 1.0]]], 'ego2global': [[-0.26115670800209045, 0.9650062918663025, 0.02366482838988304, 65440.84375], [-0.9652844071388245, -0.26119720935821533, -0.0014179046265780926, 651.390380859375], [0.004812900442630053, -0.02321358397603035, 0.999718964099884, 715.9376831054688], [0.0, 0.0, 0.0, 1.0]], 'lidar2cam': [[[-0.9226745963096619, -0.3855680823326111, -0.0029792238492518663, 4.4617791175842285], [-0.0967036560177803, 0.2388802468776703, -0.966221809387207, 3.4169373512268066], [0.37325596809387207, -0.891220211982727, -0.2576945722103119, -2.1708462238311768], [0.0, 0.0, 0.0, 1.0]], [[-0.6549702286720276, 0.7551642060279846, 0.02722230739891529, 3.941253185272217], [0.17648102343082428, 0.18789571523666382, -0.9662037491798401, 1.9587339162826538], [-0.7347574234008789, -0.6280304789543152, -0.2563382685184479, 3.756887435913086], [0.0, 0.0, 0.0, 1.0]], [[0.9176478981971741, -0.39622029662132263, 0.030525628477334976, -4.822971343994141], [-0.07820935547351837, -0.25537657737731934, -0.9636732339859009, 3.3635289669036865], [0.38962242007255554, 0.8819253444671631, -0.265333890914917, -2.396505832672119], [0.0, 0.0, 0.0, 1.0]], [[0.6663774251937866, 0.7455639839172363, -0.008690067566931248, -4.176753520965576], [0.18779464066028595, -0.17910529673099518, -0.9657403826713562, 1.8687282800674438], [-0.7215776443481445, 0.6419156193733215, -0.25936466455459595, 3.768533229827881], [0.0, 0.0, 0.0, 1.0]], [[-0.0013216345105320215, 0.9999208450317383, -0.01251109316945076, 0.1365242898464203], [0.007084139622747898, -0.0125014279037714, -0.999896764755249, 0.6270840167999268], [-0.9999740123748779, -0.0014101284323260188, -0.007067056838423014, -0.8087078332901001], [0.0, 0.0, 0.0, 1.0]], [[0.00643173698335886, -0.9999476671218872, 0.007954411208629608, -0.14675623178482056], [-0.032330743968486786, -0.008158357813954353, -0.9994439482688904, 3.014218330383301], [0.999456524848938, 0.006170988082885742, -0.03238152340054512, -6.2530598640441895], [0.0, 0.0, 0.0, 1.0]]], 'lidar2img': [None, None, None, None, None, None], 'box_mode_3d': <Box3DMode.LIDAR: 0>, 'lidar_path': 'data/t4dataset/db_j6_v1/43e6e09a-93ce-488f-8f40-515187bc2753/2/data/LIDAR_CONCAT/5.pcd.bin', 'box_type_3d': <class 'mmdet3d.structures.bbox_3d.lidar_box3d.LiDARInstance3DBoxes'>, 'img_path': ['db_j6_v1/43e6e09a-93ce-488f-8f40-515187bc2753/2/data/CAM_FRONT_RIGHT/5.jpg', 'db_j6_v1/43e6e09a-93ce-488f-8f40-515187bc2753/2/data/CAM_BACK_RIGHT/5.jpg', 'db_j6_v1/43e6e09a-93ce-488f-8f40-515187bc2753/2/data/CAM_FRONT_LEFT/5.jpg', 'db_j6_v1/43e6e09a-93ce-488f-8f40-515187bc2753/2/data/CAM_BACK_LEFT/5.jpg', 'db_j6_v1/43e6e09a-93ce-488f-8f40-515187bc2753/2/data/CAM_BACK/5.jpg', 'db_j6_v1/43e6e09a-93ce-488f-8f40-515187bc2753/2/data/CAM_FRONT/5.jpg'], 'pred_instances': {}, 'pred_instances_3d': {'scores_3d': tensor([0.7907, 0.7816, 0.7768, 0.7572, 0.7091, 0.6864, 0.6069, 0.5997, 0.5982,
        0.5567, 0.5464, 0.4774, 0.4719, 0.4613, 0.4596, 0.4333, 0.4163, 0.4123,
        0.4104, 0.3942, 0.3762, 0.3716, 0.3710, 0.3648, 0.3616, 0.3557, 0.3452,
        0.3449, 0.3239, 0.3198, 0.3140, 0.2886, 0.2884, 0.2854, 0.2789, 0.2637,
        0.2578, 0.2525, 0.2517, 0.2499, 0.2491, 0.2435, 0.2417, 0.2415, 0.2398,
        0.2391, 0.2386, 0.2386, 0.2354, 0.2298, 0.2294, 0.2285, 0.2260, 0.2255,
        0.2245, 0.2209, 0.2204, 0.2194, 0.2154, 0.2140, 0.2124, 0.2117, 0.2107,
        0.2072, 0.2026, 0.2006, 0.1958, 0.1933, 0.1923, 0.1917, 0.1882, 0.1880,
        0.1859, 0.1858, 0.1838, 0.1833, 0.1775, 0.1773, 0.1770, 0.1755, 0.1737,
        0.1708, 0.1667, 0.1647, 0.1645, 0.1643, 0.1641, 0.1634, 0.1625, 0.1603,
        0.1595, 0.1592, 0.1570, 0.1566, 0.1559, 0.1552, 0.1543, 0.1530, 0.1521,
        0.1511]), 'bboxes_3d': LiDARInstance3DBoxes(
    tensor([[-2.5112e+01,  4.0762e+00, -3.2499e-02,  3.3975e+00,  1.5183e+00,
          1.3721e+00, -9.3502e-01,  2.6548e-02, -1.2079e-02],
        [-4.1693e+01, -3.2143e+01, -2.3263e-01,  3.9380e+00,  1.7316e+00,
          1.5532e+00,  2.6163e+00, -4.2135e-03,  8.4199e-03],
        [-7.7457e+00, -8.7807e+00,  1.3265e-01,  4.0687e+00,  1.6975e+00,
          1.6289e+00, -2.8277e+00, -1.0389e-02, -3.7750e-03],
        [ 2.9350e+01, -1.6721e+00, -1.7488e-01,  4.1077e+00,  1.7345e+00,
          1.5918e+00, -2.7580e+00, -1.2986e-02, -8.7272e-03],
        [ 5.9658e+01, -2.0881e+01, -3.7749e-01,  4.9351e+00,  1.9863e+00,
          1.7824e+00, -1.4218e+00,  2.1294e-03, -8.3864e-03],
        [ 4.9542e+00,  1.4219e+01,  7.7393e-01,  3.6153e+00,  1.5875e+00,
          1.5523e+00,  2.5185e-01,  1.8425e-02,  2.2443e-03],
        [ 3.5775e+01, -3.4433e+01, -2.3440e-01,  3.7775e+00,  1.6314e+00,
          1.5105e+00, -1.2869e+00,  8.2864e-04,  2.8749e-03],
        [ 1.9988e+01, -1.3239e+01,  7.8786e-01,  5.6910e+00,  2.2980e+00,
          2.1035e+00, -1.3972e+00, -4.1051e-03, -8.5763e-03],
        [ 5.8248e+00, -2.9327e+01,  1.0598e-01,  4.1763e+00,  1.7937e+00,
          1.6264e+00, -1.2719e+00,  6.0074e-03, -9.3639e-03],
        [-5.1406e+01, -3.7622e+01,  3.8649e-01,  3.7430e+00,  1.6675e+00,
          1.5397e+00, -1.4406e+00,  6.9364e-04, -8.2748e-04],
        [ 6.9578e+01, -6.4801e+01,  8.4848e-02,  3.6227e+00,  1.5998e+00,
          1.5022e+00, -2.9238e+00, -2.6701e-03, -2.2729e-03],
        [ 3.6746e+00,  1.6777e+01,  5.6624e-01,  3.7732e+00,  1.7297e+00,
          1.6519e+00,  9.0457e-01,  4.2955e-03,  4.7581e-03],
        [-2.5142e+01, -6.8309e+01, -1.6995e-01,  5.3788e-01,  6.6191e-01,
          1.8398e+00, -3.0407e+00,  4.7380e-03, -4.3623e-03],
        [ 5.2945e+01, -2.6070e+01, -3.9458e-01,  4.2171e+00,  1.7736e+00,
          1.6086e+00,  1.7250e+00, -3.5638e-03,  5.7380e-03],
        [ 2.1032e-01, -1.8469e+01,  4.5549e-01,  5.3912e+00,  2.1760e+00,
          2.0626e+00,  5.9303e-01,  1.0095e-02,  3.2751e-03],
        [-4.3700e+01, -3.3736e+01, -3.3887e-02,  3.5866e+00,  1.5965e+00,
          1.4995e+00,  2.8871e+00, -1.3538e-03,  5.4683e-04],
        [-6.3575e+01, -3.5707e+01, -8.4175e-01,  3.8523e+00,  1.6796e+00,
          1.5554e+00,  1.5014e+00,  1.0939e-02,  9.2706e-03],
        [ 7.5697e+01, -6.2254e+01, -7.4550e-01,  4.1745e+00,  1.7520e+00,
          1.5827e+00, -2.6521e+00, -4.6183e-03, -6.7592e-03],
        [ 6.4458e+01, -6.6323e+01,  2.3902e-01,  3.7210e+00,  1.6782e+00,
          1.5445e+00,  5.7479e-02,  8.4168e-03,  2.6383e-04],
        [ 7.0939e+01, -6.8877e+00,  3.7312e-01,  4.0056e+00,  1.7275e+00,
          1.6842e+00, -1.1676e+00,  7.1806e-03, -1.3783e-02],
        [-3.7919e+01, -8.0507e-01, -5.1311e-01,  3.3980e+00,  1.4508e+00,
          1.4068e+00, -1.7980e+00, -3.4214e-03, -7.0345e-03],
        [ 5.6430e+00,  1.1656e+01,  1.8159e-01,  3.7770e+00,  1.6610e+00,
          1.7173e+00, -2.7173e+00, -8.7608e-03, -1.9551e-03],
        [ 6.0935e+01, -5.2986e+01,  5.2148e-02,  3.6058e+00,  1.5759e+00,
          1.5142e+00, -7.8595e-02,  7.7656e-03, -2.2682e-03],
        [ 2.7424e+00,  2.1559e+01,  7.0331e-01,  3.4208e+00,  1.6213e+00,
          1.4885e+00,  3.0073e-01,  1.9822e-02, -2.6848e-03],
        [ 4.9457e+01,  2.3843e+01,  1.0911e+00,  4.1920e+00,  1.8899e+00,
          1.7194e+00,  2.5677e-01,  1.2499e-02,  1.3994e-02],
        [ 3.9219e+01, -1.9068e+01, -6.8684e-01,  3.7034e+00,  1.5636e+00,
          1.5368e+00,  2.0919e+00, -6.0228e-03,  8.3153e-03],
        [-6.5747e+01, -3.7914e+01,  2.4851e-02,  3.9038e+00,  1.7280e+00,
          1.6861e+00,  2.4218e+00, -7.5316e-03,  8.6794e-03],
        [ 1.3643e+01, -3.7893e+01, -2.7901e-01,  5.5448e-01,  6.4249e-01,
          1.9322e+00,  2.4014e+00,  2.2967e-03, -4.8640e-03],
        [-1.4172e+00, -1.9672e+01,  6.4310e-01,  5.0462e+00,  2.0438e+00,
          1.9752e+00,  2.9529e-01,  1.4804e-02, -5.8117e-03],
        [-5.8375e+01, -8.2698e+01, -7.5005e-01,  3.6888e+00,  1.5788e+00,
          1.4597e+00,  2.7275e+00, -4.2726e-03,  2.3033e-03],
        [ 1.4201e+01,  1.8026e+01,  4.7962e-01,  3.6620e+00,  1.6385e+00,
          1.6023e+00,  1.9720e+00,  4.0306e-03, -3.4126e-04],
        [ 6.7379e+01,  1.7413e+01, -1.9833e-01,  4.5094e+00,  1.9165e+00,
          1.7292e+00, -8.4176e-01, -8.6615e-04, -1.2156e-02],
        [ 1.4223e+01, -8.3350e+01,  1.7245e+00,  3.6135e+00,  1.6635e+00,
          1.4990e+00, -2.8485e+00, -8.4919e-03, -6.5053e-03],
        [-7.5645e+01,  1.9372e+01, -2.8679e-01,  3.6579e+00,  1.5918e+00,
          1.4882e+00, -2.3653e-01,  2.9882e-03,  1.6231e-03],
        [ 8.1462e+01, -6.6370e+01,  6.7449e-01,  4.6874e+00,  1.9298e+00,
          1.9350e+00, -1.3857e+00, -7.7199e-04, -1.7051e-02],
        [-5.5824e+01, -1.8076e+01, -3.8310e-01,  3.5845e+00,  1.6192e+00,
          1.5220e+00, -7.2278e-01,  3.4624e-03, -4.4413e-03],
        [ 5.5945e+00, -8.8131e+01, -1.4029e-01,  4.0270e+00,  1.7595e+00,
          1.5743e+00, -1.0807e+00,  1.1593e-02, -1.5681e-02],
        [ 6.6091e+01,  2.6705e+01,  1.0278e+00,  4.4788e+00,  2.0621e+00,
          1.8554e+00,  4.4475e-01,  2.3581e-02,  1.5566e-02],
        [ 4.3316e+01, -4.4303e+01, -1.9298e-01,  4.2170e+00,  1.8540e+00,
          1.8403e+00,  1.7718e+00, -5.5039e-03,  7.3084e-03],
        [ 1.7582e+00, -8.6869e+01, -6.1821e-01,  3.6969e+00,  1.5355e+00,
          1.4611e+00, -1.6412e+00, -4.2662e-03, -6.7894e-03],
        [ 7.7937e+01, -5.5869e+01,  5.9126e-01,  3.7720e+00,  1.6755e+00,
          1.6028e+00, -1.2538e+00,  1.3662e-02, -3.1753e-02],
        [-6.1265e+01, -1.0385e+01, -3.2701e-01,  3.4661e+00,  1.5287e+00,
          1.3835e+00, -3.0088e+00, -1.9380e-02, -2.9322e-04],
        [-1.9499e-01, -3.3456e+01,  1.6444e-01,  3.9544e+00,  1.7099e+00,
          1.6876e+00,  1.0934e+00,  2.5552e-02,  2.0211e-02],
        [ 7.3505e-01,  1.2953e+01,  3.3751e-01,  3.7815e+00,  1.6522e+00,
          1.7107e+00,  1.3250e+00,  8.5097e-03,  1.3084e-02],
        [ 6.4466e+01,  2.5785e+01,  4.9777e-01,  3.2014e+00,  1.5671e+00,
          1.6911e+00, -2.3515e+00, -1.4310e-02, -1.4236e-02],
        [ 2.0424e+00,  1.8326e+01, -6.1123e-02,  6.7068e-01,  6.9591e-01,
          2.0883e+00,  2.2631e+00, -8.3188e-03, -5.6354e-03],
        [-3.6042e+01, -5.4888e+01,  1.2500e+00,  3.6782e+00,  1.6945e+00,
          1.6273e+00,  8.9309e-01,  2.6955e-03,  9.1579e-03],
        [-2.0937e+01, -8.3376e+01,  3.2021e-02,  3.8855e-01,  5.4415e-01,
          1.7258e+00,  5.7631e-01,  1.5796e-02,  2.4059e-03],
        [-3.3129e+01, -4.4321e+01,  1.3895e-01,  4.2039e+00,  1.7980e+00,
          1.6367e+00,  3.9810e-01,  8.9674e-03,  4.2730e-03],
        [-4.6616e+01, -1.5855e+01, -6.4395e-01,  3.3455e+00,  1.5011e+00,
          1.6128e+00,  2.5617e+00, -9.1626e-03,  6.0495e-03],
        [-8.4968e+00, -5.6134e+00, -3.3257e-01,  3.1024e+00,  1.3385e+00,
          1.3252e+00, -2.6233e+00, -1.0257e-02, -8.9553e-03],
        [ 3.3417e+00,  1.8729e+01,  1.0841e+00,  3.7268e+00,  1.7608e+00,
          1.5976e+00,  1.9675e+00, -9.1427e-03,  1.0613e-02],
        [-4.9764e+01, -1.6471e+01, -4.0623e-01,  3.3810e+00,  1.4785e+00,
          1.4693e+00,  4.6930e-01,  5.3468e-03,  1.7111e-03],
        [-4.7177e+01, -2.4772e+01, -7.7155e-01,  3.3862e+00,  1.4376e+00,
          1.3627e+00,  2.7186e+00, -1.5186e-03, -3.4459e-03],
        [-1.8055e+01, -2.3763e+01,  4.5827e-01,  5.3433e-01,  6.5850e-01,
          1.8126e+00, -2.3789e+00, -4.8337e-03,  1.7113e-03],
        [ 1.3627e+01, -3.9559e+01, -1.5134e-01,  3.7036e+00,  1.6561e+00,
          1.5048e+00, -1.3789e+00,  5.4913e-03, -2.3920e-02],
        [-6.6077e+01, -3.9209e+01,  5.1216e-01,  4.4644e+00,  2.0557e+00,
          1.8599e+00, -2.4444e+00, -1.3633e-02, -1.5647e-02],
        [ 8.0916e-01, -4.4585e+01,  1.2312e-01,  5.6534e-01,  6.6993e-01,
          1.9823e+00, -2.7824e+00, -9.0839e-03,  1.3290e-03],
        [ 2.6084e+01,  2.0951e+01,  1.6761e+00,  4.8098e+00,  2.0450e+00,
          1.9229e+00,  1.9532e+00, -1.2920e-02,  2.7043e-02],
        [ 1.8744e+01,  2.0983e+01, -9.5472e-01,  3.8038e-01,  5.1588e-01,
          1.5631e+00,  2.3304e+00, -1.1049e-02,  4.2418e-03],
        [-6.1898e+01, -7.6351e+01, -7.8613e-01,  4.2043e+00,  1.7181e+00,
          1.5951e+00,  3.0643e+00, -8.5640e-03,  2.0584e-03],
        [ 1.0070e+02,  3.9231e+01,  1.8005e-01,  4.6367e-01,  5.6981e-01,
          1.7522e+00, -3.0703e+00, -1.7781e-02,  9.6654e-03],
        [ 6.8350e+01,  1.8406e+01, -7.9527e-03,  8.4265e-01,  7.5866e-01,
          1.6851e+00,  2.3441e+00, -3.8961e-03,  7.4719e-03],
        [ 2.3469e+01, -2.3204e+01, -8.4951e-01,  3.9946e+00,  1.6073e+00,
          1.5595e+00,  1.5110e+00, -1.1297e-03,  1.1193e-02],
        [ 7.6358e+01, -4.8820e+01, -2.4922e-01,  3.3508e+00,  1.4545e+00,
          1.4342e+00, -2.5824e+00, -2.2030e-02, -9.8828e-03],
        [ 3.3793e+00,  2.9643e+01,  4.6700e-01,  3.4050e+00,  1.5371e+00,
          1.4967e+00, -4.2782e-01,  3.0483e-02, -2.4818e-02],
        [ 9.8372e+01,  3.6681e+01,  9.8784e-01,  3.5707e+00,  1.6574e+00,
          1.5152e+00,  2.5536e-01,  1.0384e-02, -1.8634e-03],
        [ 8.5289e+01,  1.2942e+01,  7.5900e-01,  3.6249e+00,  1.7308e+00,
          1.6496e+00,  2.9805e+00, -1.0170e-03,  3.9766e-06],
        [ 4.7513e+01, -4.1747e+01, -1.6637e-01,  3.5823e+00,  1.5823e+00,
          1.4971e+00,  1.6342e+00,  4.8308e-04,  1.0338e-02],
        [-7.2498e+01, -1.3262e+01,  2.9537e-01,  4.4062e+00,  1.8580e+00,
          1.6895e+00, -6.2006e-02,  7.1720e-03, -5.3319e-03],
        [ 7.1530e+01, -3.0182e+00,  2.5998e-01,  5.8684e-01,  6.1720e-01,
          1.6903e+00,  2.6080e+00, -9.0820e-03,  7.5876e-04],
        [ 7.4066e+01, -4.2380e+01, -3.4244e-01,  3.5017e+00,  1.4725e+00,
          1.4445e+00, -3.1110e+00, -9.9660e-03,  4.5492e-03],
        [-2.1600e+01,  4.3532e+00, -5.4687e-01,  6.3894e-01,  6.6618e-01,
          1.4693e+00, -2.4546e+00,  1.4424e-03, -3.9889e-03],
        [ 4.1040e-01, -3.5026e+01,  3.4388e-01,  4.8587e+00,  1.9870e+00,
          1.9857e+00,  1.2955e+00,  1.5828e-02,  2.0911e-02],
        [-1.0928e+02, -4.6878e+01, -4.7989e-01,  4.7280e-01,  5.8092e-01,
          1.6772e+00, -3.1091e+00, -3.9137e-03, -2.7208e-03],
        [-1.7714e+01, -6.2621e+01,  9.6819e-01,  3.6025e+00,  1.6867e+00,
          1.6113e+00,  2.2667e+00,  5.5251e-03,  1.7149e-04],
        [ 8.6535e+01,  1.2941e+01,  1.2895e+00,  4.3167e+00,  1.9257e+00,
          1.8872e+00,  2.1595e+00,  2.7259e-03,  1.4029e-03],
        [ 2.4056e+00,  2.9948e+01,  8.8199e-01,  3.2252e+00,  1.5082e+00,
          1.4098e+00,  2.8630e+00, -1.3879e-02,  6.8236e-03],
        [ 3.0860e+01, -3.5358e+01, -1.3864e-01,  4.5486e+00,  1.8666e+00,
          1.8208e+00,  2.1409e+00, -3.6683e-03,  6.4325e-03],
        [ 7.7850e+01, -5.1676e+01,  4.1106e-01,  4.2068e+00,  1.8340e+00,
          1.7061e+00,  9.0141e-02,  2.2625e-02, -3.1671e-04],
        [ 9.2660e+01,  1.8717e+01, -8.3822e-02,  5.9375e-01,  6.3825e-01,
          1.6374e+00, -2.8670e+00, -2.3810e-02, -1.0011e-03],
        [-5.0714e+01, -1.5845e+01, -2.8155e-01,  3.5692e+00,  1.6581e+00,
          1.5391e+00,  2.2933e+00, -1.1876e-02,  1.1705e-02],
        [-2.5132e+01,  1.1416e+01, -1.9270e-01,  3.7665e-01,  4.7846e-01,
          1.5680e+00, -1.7271e+00, -5.8383e-03, -2.4084e-02],
        [ 1.3600e+01,  3.1901e+01,  8.6605e-01,  7.1104e-01,  6.8687e-01,
          1.5498e+00, -1.9031e+00, -1.3796e-02, -2.7049e-02],
        [-3.1232e+01, -8.7488e+01,  1.1287e+00,  3.9406e+00,  1.7770e+00,
          1.6336e+00, -2.0601e+00, -1.4362e-02, -1.2310e-02],
        [ 9.0443e+01,  3.2520e+01,  5.1633e-01,  6.3415e-01,  6.5529e-01,
          1.7485e+00, -2.9008e+00, -2.1475e-02,  9.3076e-03],
        [ 9.3611e+01, -1.1714e+01,  1.4752e+00,  4.2950e+00,  1.8653e+00,
          1.7020e+00, -8.7652e-01,  2.1246e-02, -3.3525e-02],
        [ 5.8433e+01, -1.1912e+01, -5.0431e-01,  4.1948e-01,  5.3593e-01,
          1.5526e+00, -2.4817e+00, -2.6370e-02, -1.2500e-02],
        [ 1.0225e+02,  3.8548e+01,  5.9789e-01,  3.5267e+00,  1.6246e+00,
          1.4829e+00, -9.0044e-01,  1.0362e-02, -1.1135e-02],
        [-5.7460e+01, -8.3334e+01, -5.4217e-01,  4.2038e+00,  1.7447e+00,
          1.6611e+00, -5.3352e-01,  1.0759e-02, -1.3131e-02],
        [ 7.8598e+01,  2.3837e+01,  1.1149e+00,  3.5034e+00,  1.6010e+00,
          1.4551e+00, -5.2596e-01,  2.6664e-02, -2.7615e-02],
        [ 2.1930e+01, -2.3808e+01, -6.4485e-01,  3.4490e+00,  1.5352e+00,
          1.4537e+00,  4.4416e-01,  1.6772e-02,  3.2927e-03],
        [-3.5357e+01, -4.1797e+01, -2.9195e-02,  5.3994e-01,  6.2645e-01,
          1.8259e+00,  1.8732e+00, -9.1991e-03,  5.1383e-03],
        [ 7.1862e+01, -3.5333e+01, -1.0331e-01,  3.3033e+00,  1.5258e+00,
          1.4659e+00, -1.8044e+00, -1.3963e-02, -2.1628e-03],
        [ 5.2688e+00, -5.5494e+01, -1.0819e+00,  4.9052e+00,  1.9142e+00,
          1.7625e+00,  9.4267e-03,  1.6995e-02, -8.4747e-03],
        [-1.1376e+02, -1.9971e+01,  1.2058e+00,  3.9251e+00,  1.8074e+00,
          1.6265e+00, -2.7820e+00, -3.7174e-02, -1.7309e-03],
        [-5.0061e+01, -1.7444e+01, -6.1522e-01,  3.3355e+00,  1.5189e+00,
          1.4420e+00, -1.4806e+00,  9.8406e-03, -2.2936e-02],
        [ 8.4395e+01, -6.3502e+01,  1.9281e-01,  5.7793e-01,  6.3510e-01,
          1.8574e+00,  2.4396e+00, -6.4721e-03,  1.4839e-02],
        [ 3.1202e+01, -3.6300e+01, -2.8928e-01,  4.0515e+00,  1.7468e+00,
          1.6790e+00, -6.1650e-01,  2.1006e-02, -2.3977e-02],
        [-3.9565e+01,  1.7157e+01,  1.1702e+00,  4.2632e+00,  1.8847e+00,
          1.8927e+00,  2.0198e+00, -1.5789e-03,  9.5049e-03]])), 'labels_3d': tensor([0, 0, 0, 0, 0, 0, 0, 0, 0, 0, 0, 0, 4, 0, 0, 0, 0, 0, 0, 0, 0, 0, 0, 0,
        0, 0, 0, 4, 0, 0, 0, 0, 0, 0, 0, 0, 0, 0, 0, 0, 0, 0, 0, 0, 0, 4, 0, 4,
        0, 0, 0, 0, 0, 0, 4, 0, 0, 4, 0, 4, 0, 4, 4, 0, 0, 0, 0, 0, 0, 0, 4, 0,
        4, 0, 4, 0, 0, 0, 0, 0, 4, 0, 4, 4, 0, 4, 0, 4, 0, 0, 0, 0, 4, 0, 0, 0,
        0, 4, 0, 0], dtype=torch.int32)}, 'gt_instances': {}, 'eval_ann_info': {'gt_bboxes_labels': array([0, 0, 0, 0, 0, 0, 0, 0, 0, 0, 0, 0, 0, 0, 0, 0, 0, 0, 0, 0, 0, 0,
       0, 0, 2, 2, 2, 4, 4, 2, 0, 0, 0, 0, 0, 4]), 'gt_bboxes_3d': LiDARInstance3DBoxes(
    tensor([[ 2.9589e+01, -1.5633e+00, -1.8217e-01,  4.9116e+00,  1.8794e+00,
          1.5584e+00, -2.8512e+00, -9.3183e+00, -2.7340e+00],
        [-7.6020e+00, -8.7016e+00, -1.3339e-01,  3.2428e+00,  1.5491e+00,
          1.7985e+00, -3.0259e+00, -2.6879e-01, -2.6977e-03],
        [ 5.9680e+01, -2.0862e+01, -3.8882e-01,  4.6441e+00,  1.7189e+00,
          1.8715e+00, -1.3153e+00, -8.8558e-02, -3.0376e-01],
        [ 5.7998e+00, -2.9241e+01, -3.9733e-01,  4.7805e+00,  1.9800e+00,
          1.8648e+00, -1.3243e+00, -1.1710e-01, -1.9594e-01],
        [ 3.9697e+01, -2.0491e+01, -3.4454e-01,  4.0559e+00,  1.7664e+00,
          1.5359e+00, -1.3851e+00, -1.9591e-01,  1.7277e-02],
        [ 2.3126e+01, -2.5297e+01, -4.8318e-01,  4.0559e+00,  1.7664e+00,
          1.4125e+00, -1.3328e+00, -1.2944e-01, -9.5310e-02],
        [ 3.5806e+01, -3.4408e+01, -4.3129e-01,  3.5209e+00,  1.5662e+00,
          1.8648e+00, -1.3453e+00, -5.0395e-02, -2.4634e-01],
        [ 3.0901e+01, -3.5105e+01, -4.5333e-01,  4.7805e+00,  1.9800e+00,
          1.8648e+00,  1.7683e+00, -5.4484e-01, -2.6207e-01],
        [ 1.3522e+01, -3.9481e+01, -4.1109e-01,  3.5059e+00,  1.9034e+00,
          1.9204e+00, -1.3852e+00, -1.7422e-01, -2.9771e-01],
        [ 4.3155e+01, -4.3879e+01, -2.4446e-01,  4.7805e+00,  1.9034e+00,
          1.8531e+00,  1.8308e+00,  7.9108e-02, -2.2919e-01],
        [ 2.1720e+00, -4.6056e+01, -5.6777e-01,  4.0858e+00,  1.9034e+00,
          1.4498e+00,  2.7460e-01, -8.9541e-01, -1.0309e-01],
        [ 7.0530e+01, -6.3084e+00,  1.3350e-01,  5.1690e+00,  1.9034e+00,
          1.9876e+00, -1.0673e+00, -1.2259e-01, -2.0312e-01],
        [ 6.9283e+01, -6.4841e+01, -9.2218e-02,  3.4808e+00,  1.6679e+00,
          1.4873e+00, -2.8489e+00, -4.8743e-01, -3.7389e-01],
        [ 4.4670e+00,  1.6623e+01,  4.5019e-01,  4.4796e+00,  1.7506e+00,
          1.7179e+00,  1.8650e-01,  4.5015e-02,  1.0901e-01],
        [ 3.6992e+00,  1.9114e+01,  4.1322e-01,  4.4796e+00,  1.7506e+00,
          1.7179e+00,  1.4610e-01,  2.0304e-01,  2.5857e-01],
        [ 3.1820e+00,  2.1567e+01,  4.9639e-01,  4.1918e+00,  1.7506e+00,
          1.7179e+00,  1.6047e-01,  1.2809e-01,  1.5199e-01],
        [ 1.3970e+01,  1.7958e+01,  4.6311e-01,  3.6862e+00,  1.7506e+00,
          1.5220e+00, -2.8226e-01, -2.0305e-01, -5.9436e-03],
        [ 4.9679e+01,  2.5190e+01,  5.1436e-01,  4.7942e+00,  1.9364e+00,
          1.7833e+00,  3.2440e-01,  5.2859e-02, -1.1127e-01],
        [ 5.8001e+01,  3.1019e+01,  7.4292e-01,  3.6819e+00,  1.7474e+00,
          1.6980e+00, -1.8914e+00,  9.3551e-01,  1.3675e+00],
        [ 6.0523e+01, -5.3496e+01, -5.6165e-01,  4.2510e+00,  1.8309e+00,
          1.9018e+00, -2.3258e+00, -3.4340e-01, -3.1225e-01],
        [-4.1461e+01, -3.2117e+01, -3.2855e-01,  3.6819e+00,  1.4792e+00,
          1.5451e+00,  2.6488e+00, -2.1771e-01,  1.0032e-01],
        [-4.3612e+01, -3.3656e+01, -4.2380e-01,  3.4818e+00,  1.4792e+00,
          1.8517e+00,  2.6200e+00, -4.3703e-01,  8.7508e-02],
        [-1.5528e+02, -3.5366e+01, -1.5169e+00,  3.2428e+00,  1.7769e+00,
          1.7985e+00,  2.0077e-01,  1.2136e+01,  2.6168e+00],
        [-1.8784e+01,  1.2057e+01, -3.1861e-01,  3.2428e+00,  1.7769e+00,
          1.8218e+00, -7.6116e-02, -1.8363e+00,  2.3542e-01],
        [-5.8344e-01, -1.8994e+01, -4.2364e-01,  7.0667e+00,  2.2733e+00,
          2.6650e+00,  6.0456e-01, -2.4712e-02,  6.5104e-02],
        [ 1.2006e+01, -1.4709e+01, -4.4939e-01,  7.2275e+00,  2.2714e+00,
          2.9586e+00,  6.2249e-01, -9.3086e-02, -4.7322e-02],
        [ 2.0559e+01, -1.2658e+01, -4.1161e-01,  7.0732e+00,  2.0991e+00,
          2.7399e+00,  6.0456e-01, -1.1742e-01, -5.2836e-02],
        [-2.3806e+01, -5.1283e+01, -2.4280e-01,  4.9731e-01,  8.0048e-01,
          1.7535e+00,  1.0234e+00,  9.6808e-03, -2.7290e-02],
        [-2.5078e+01, -5.1484e+01, -1.6068e-01,  4.9731e-01,  6.6974e-01,
          1.5922e+00,  1.0234e+00, -2.4641e-01, -1.6936e-01],
        [-1.0456e+01, -6.3236e+01,  1.6513e-01,  7.0667e+00,  2.2733e+00,
          2.3252e+00,  2.6399e+00, -3.3906e-01,  8.2474e-02],
        [-2.5071e+01,  4.0865e+00, -1.4104e-01,  3.6819e+00,  1.4792e+00,
          1.5101e+00, -9.9145e-01,  1.9798e+00, -2.4510e+00],
        [ 4.9304e+00,  1.4214e+01,  4.2084e-01,  3.4451e+00,  1.5694e+00,
          1.7658e+00,  1.8568e-01,  9.9741e-02, -3.1839e-02],
        [ 2.4037e+00,  3.0117e+01,  6.1834e-01,  3.5513e+00,  1.7506e+00,
          1.6131e+00,  2.6990e+00,  2.4551e-02, -9.7112e-02],
        [ 7.1578e+01,  3.7015e+01,  9.1164e-01,  4.0614e+00,  2.1240e+00,
          1.7349e+00,  1.3083e+00,  2.3636e-03,  1.2416e-01],
        [ 6.3918e+01, -6.6140e+01, -1.3527e-01,  3.4808e+00,  1.6679e+00,
          1.8350e+00, -2.8785e+00, -7.2023e-01, -3.4731e-01],
        [-2.5288e+01, -5.0502e+01, -2.7817e-01,  4.9731e-01,  6.6974e-01,
          1.9148e+00,  1.0234e+00, -6.7293e-02,  3.0831e-02]])), 'bbox_3d_isvalid': array([ True,  True,  True,  True,  True,  True,  True,  True,  True,
        True,  True,  True,  True,  True,  True,  True,  True,  True,
        True,  True,  True,  True,  True,  True,  True,  True,  True,
        True,  True,  True,  True,  True,  True,  True,  True,  True]), 'gt_labels_3d': array([0, 0, 0, 0, 0, 0, 0, 0, 0, 0, 0, 0, 0, 0, 0, 0, 0, 0, 0, 0, 0, 0,
       0, 0, 2, 2, 2, 4, 4, 2, 0, 0, 0, 0, 0, 4]), 'num_lidar_pts': array([ 364,  401,   85,  123,   17,   12,   28,    8,   50,   23,   13,
         36,    7,  164,   31,   78,  148,   24,    6,   29,   37,    8,
          5,   63,  824, 2567, 1356,    5,    2,   68,  139,  320,   31,
          8,   17,    3]), 'num_radar_pts': array([0, 0, 0, 0, 0, 0, 0, 0, 0, 0, 0, 0, 0, 0, 0, 0, 0, 0, 0, 0, 0, 0,
       0, 0, 0, 0, 0, 0, 0, 0, 0, 0, 0, 0, 0, 0]), 'velocities': array([[-9.3182592e+00, -2.7339551e+00],
       [-2.6878777e-01, -2.6977484e-03],
       [-8.8557795e-02, -3.0376172e-01],
       [-1.1709581e-01, -1.9593973e-01],
       [-1.9590679e-01,  1.7277444e-02],
       [-1.2943622e-01, -9.5310412e-02],
       [-5.0394677e-02, -2.4634381e-01],
       [-5.4483610e-01, -2.6206568e-01],
       [-1.7422187e-01, -2.9770762e-01],
       [ 7.9108387e-02, -2.2918600e-01],
       [-8.9540833e-01, -1.0309208e-01],
       [-1.2259131e-01, -2.0311970e-01],
       [-4.8742956e-01, -3.7389469e-01],
       [ 4.5015499e-02,  1.0900802e-01],
       [ 2.0303579e-01,  2.5857392e-01],
       [ 1.2808573e-01,  1.5198918e-01],
       [-2.0304692e-01, -5.9436318e-03],
       [ 5.2859362e-02, -1.1127353e-01],
       [ 9.3550861e-01,  1.3675281e+00],
       [-3.4339631e-01, -3.1224504e-01],
       [-2.1771431e-01,  1.0031802e-01],
       [-4.3703461e-01,  8.7507509e-02],
       [ 1.2135913e+01,  2.6167839e+00],
       [-1.8363417e+00,  2.3541617e-01],
       [-2.4711687e-02,  6.5104149e-02],
       [-9.3086094e-02, -4.7321994e-02],
       [-1.1741975e-01, -5.2835599e-02],
       [ 9.6808430e-03, -2.7289947e-02],
       [-2.4641109e-01, -1.6936456e-01],
       [-3.3906263e-01,  8.2473941e-02],
       [ 1.9798391e+00, -2.4509640e+00],
       [ 9.9740759e-02, -3.1839058e-02],
       [ 2.4551358e-02, -9.7112380e-02],
       [ 2.3636194e-03,  1.2416007e-01],
       [-7.2023326e-01, -3.4731197e-01],
       [-6.7292579e-02,  3.0831115e-02]], dtype=float32), 'gt_nusc_name': array(['car', 'car', 'car', 'car', 'car', 'car', 'car', 'car', 'car',
       'car', 'car', 'car', 'car', 'car', 'car', 'car', 'car', 'car',
       'car', 'car', 'car', 'car', 'car', 'car', 'bus', 'bus', 'bus',
       'pedestrian', 'pedestrian', 'bus', 'car', 'car', 'car', 'car',
       'car', 'pedestrian'], dtype='<U10'), 'gt_attrs': array([['vehicle_state.driving', 'occlusion_state.none',
        'extremities_state.protruding_object'],
       ['vehicle_state.driving', 'occlusion_state.none',
        'extremities_state.protruding_object'],
       ['vehicle_state.driving', 'occlusion_state.partial',
        'extremities_state.none'],
       ['vehicle_state.parked', 'extremities_state.none',
        'occlusion_state.partial'],
       ['vehicle_state.parked', 'extremities_state.none',
        'occlusion_state.partial'],
       ['vehicle_state.parked', 'extremities_state.none',
        'occlusion_state.partial'],
       ['vehicle_state.parked', 'extremities_state.none',
        'occlusion_state.partial'],
       ['vehicle_state.parked', 'extremities_state.none',
        'occlusion_state.partial'],
       ['vehicle_state.parked', 'extremities_state.none',
        'occlusion_state.partial'],
       ['vehicle_state.parked', 'extremities_state.none',
        'occlusion_state.most'],
       ['vehicle_state.parked', 'extremities_state.none',
        'occlusion_state.most'],
       ['vehicle_state.parked', 'extremities_state.none',
        'occlusion_state.most'],
       ['vehicle_state.parked', 'extremities_state.none',
        'occlusion_state.most'],
       ['extremities_state.none', 'vehicle_state.parked',
        'occlusion_state.most'],
       ['extremities_state.none', 'vehicle_state.parked',
        'occlusion_state.most'],
       ['occlusion_state.partial', 'extremities_state.none',
        'vehicle_state.parked'],
       ['occlusion_state.partial', 'extremities_state.none',
        'vehicle_state.parked'],
       ['occlusion_state.partial', 'vehicle_state.parked',
        'extremities_state.none'],
       ['vehicle_state.parked', 'extremities_state.none',
        'occlusion_state.partial'],
       ['extremities_state.none', 'vehicle_state.driving',
        'occlusion_state.most'],
       ['extremities_state.none', 'vehicle_state.parked',
        'occlusion_state.none'],
       ['extremities_state.none', 'vehicle_state.parked',
        'occlusion_state.most'],
       ['vehicle_state.driving', 'extremities_state.none',
        'occlusion_state.most'],
       ['extremities_state.none', 'vehicle_state.parked',
        'occlusion_state.most'],
       ['extremities_state.protruding_object', 'occlusion_state.none',
        'vehicle_state.parked'],
       ['extremities_state.protruding_object', 'occlusion_state.none',
        'vehicle_state.parked'],
       ['occlusion_state.none', 'extremities_state.protruding_object',
        'vehicle_state.parked'],
       ['extremities_state.none', 'occlusion_state.partial',
        'pedestrian_state.standing'],
       ['extremities_state.none', 'occlusion_state.partial',
        'pedestrian_state.standing'],
       ['vehicle_state.driving', 'occlusion_state.none',
        'extremities_state.protruding_object'],
       ['vehicle_state.driving', 'occlusion_state.none',
        'extremities_state.protruding_object'],
       ['occlusion_state.partial', 'extremities_state.none',
        'vehicle_state.parked'],
       ['extremities_state.none', 'vehicle_state.parked',
        'occlusion_state.most'],
       ['vehicle_state.parked', 'extremities_state.open_door',
        'occlusion_state.most'],
       ['vehicle_state.parked', 'extremities_state.none',
        'occlusion_state.partial'],
       ['extremities_state.none', 'occlusion_state.most',
        'pedestrian_state.standing']], dtype='<U35'), 'instances': [{'bbox_label': 0, 'bbox_3d': [29.58851496058412, -1.563289124101388, 0.5970426063552692, 4.911552441408478, 1.879402720410175, 1.5584218000828192, -2.851189268188325], 'bbox_3d_isvalid': True, 'bbox_label_3d': 0, 'num_lidar_pts': 364, 'num_radar_pts': 0, 'velocity': [-9.318259181544752, -2.733955211054466], 'gt_nusc_name': 'car', 'gt_attrs': ['vehicle_state.driving', 'occlusion_state.none', 'extremities_state.protruding_object']}, {'bbox_label': 0, 'bbox_3d': [-7.6020087231488755, -8.70158674138648, 0.7658808138178979, 3.2428093146389187, 1.5491069704669926, 1.798538973925895, -3.025888222765441], 'bbox_3d_isvalid': True, 'bbox_label_3d': 0, 'num_lidar_pts': 401, 'num_radar_pts': 0, 'velocity': [-0.2687877617888284, -0.002697748442901382], 'gt_nusc_name': 'car', 'gt_attrs': ['vehicle_state.driving', 'occlusion_state.none', 'extremities_state.protruding_object']}, {'bbox_label': 0, 'bbox_3d': [59.68023527998734, -20.861689579413774, 0.5469100524068127, 4.644059922132344, 1.718947986760645, 1.8714599609375, -1.3152908466866386], 'bbox_3d_isvalid': True, 'bbox_label_3d': 0, 'num_lidar_pts': 85, 'num_radar_pts': 0, 'velocity': [-0.08855779508022864, -0.3037617125574578], 'gt_nusc_name': 'car', 'gt_attrs': ['vehicle_state.driving', 'occlusion_state.partial', 'extremities_state.none']}, {'bbox_label': 0, 'bbox_3d': [5.799758077959969, -29.241308275182444, 0.5350716084458622, 4.7804830112282195, 1.9799768419164676, 1.86480712890625, -1.3242866901196895], 'bbox_3d_isvalid': True, 'bbox_label_3d': 0, 'num_lidar_pts': 123, 'num_radar_pts': 0, 'velocity': [-0.11709581220887866, -0.1959397386943778], 'gt_nusc_name': 'car', 'gt_attrs': ['vehicle_state.parked', 'extremities_state.none', 'occlusion_state.partial']}, {'bbox_label': 0, 'bbox_3d': [39.69739334749178, -20.490587446070005, 0.4234152714459681, 4.055903256088574, 1.7663762177597155, 1.5359099034483086, -1.3851126965130887], 'bbox_3d_isvalid': True, 'bbox_label_3d': 0, 'num_lidar_pts': 17, 'num_radar_pts': 0, 'velocity': [-0.1959067930760251, 0.01727744338763565], 'gt_nusc_name': 'car', 'gt_attrs': ['vehicle_state.parked', 'extremities_state.none', 'occlusion_state.partial']}, {'bbox_label': 0, 'bbox_3d': [23.126010202425345, -25.29709654772122, 0.22309445444331807, 4.055903256088574, 1.7663762177597155, 1.4125421623130974, -1.3327528189532587], 'bbox_3d_isvalid': True, 'bbox_label_3d': 0, 'num_lidar_pts': 12, 'num_radar_pts': 0, 'velocity': [-0.12943622992972081, -0.09531041177668435], 'gt_nusc_name': 'car', 'gt_attrs': ['vehicle_state.parked', 'extremities_state.none', 'occlusion_state.partial']}, {'bbox_label': 0, 'bbox_3d': [35.8063247006267, -34.40816265116917, 0.5011098056593787, 3.5209264408257894, 1.5662180218640467, 1.86480712890625, -1.3453156665451367], 'bbox_3d_isvalid': True, 'bbox_label_3d': 0, 'num_lidar_pts': 28, 'num_radar_pts': 0, 'velocity': [-0.05039467540248664, -0.24634380992409663], 'gt_nusc_name': 'car', 'gt_attrs': ['vehicle_state.parked', 'extremities_state.none', 'occlusion_state.partial']}, {'bbox_label': 0, 'bbox_3d': [30.90115944373978, -35.10451195686757, 0.4790742636669085, 4.7804830112282195, 1.9799768419164676, 1.86480712890625, 1.7682809546733955], 'bbox_3d_isvalid': True, 'bbox_label_3d': 0, 'num_lidar_pts': 8, 'num_radar_pts': 0, 'velocity': [-0.5448361041902932, -0.2620656706553765], 'gt_nusc_name': 'car', 'gt_attrs': ['vehicle_state.parked', 'extremities_state.none', 'occlusion_state.partial']}, {'bbox_label': 0, 'bbox_3d': [13.521784128029356, -39.48071314994829, 0.5490887809473094, 3.505882004921156, 1.903426116631936, 1.920360697873633, -1.3852425520108478], 'bbox_3d_isvalid': True, 'bbox_label_3d': 0, 'num_lidar_pts': 50, 'num_radar_pts': 0, 'velocity': [-0.17422187301547643, -0.29770761330523593], 'gt_nusc_name': 'car', 'gt_attrs': ['vehicle_state.parked', 'extremities_state.none', 'occlusion_state.partial']}, {'bbox_label': 0, 'bbox_3d': [43.154709972542676, -43.87903844705642, 0.6821137443049847, 4.7804830112282195, 1.903426116631936, 1.8531435124768751, 1.8307522716271933], 'bbox_3d_isvalid': True, 'bbox_label_3d': 0, 'num_lidar_pts': 23, 'num_radar_pts': 0, 'velocity': [0.07910838608790041, -0.22918599339056708], 'gt_nusc_name': 'car', 'gt_attrs': ['vehicle_state.parked', 'extremities_state.none', 'occlusion_state.most']}, {'bbox_label': 0, 'bbox_3d': [2.172032485575768, -46.05649485687669, 0.157121998760729, 4.085819073659119, 1.903426116631936, 1.4497902584044942, 0.27460135525172735], 'bbox_3d_isvalid': True, 'bbox_label_3d': 0, 'num_lidar_pts': 13, 'num_radar_pts': 0, 'velocity': [-0.8954083209250343, -0.10309208336337028], 'gt_nusc_name': 'car', 'gt_attrs': ['vehicle_state.parked', 'extremities_state.none', 'occlusion_state.most']}, {'bbox_label': 0, 'bbox_3d': [70.53029724149121, -6.308388707048831, 1.1272970304574041, 5.168990624699326, 1.903426116631936, 1.987594597167669, -1.0672768241528312], 'bbox_3d_isvalid': True, 'bbox_label_3d': 0, 'num_lidar_pts': 36, 'num_radar_pts': 0, 'velocity': [-0.1225913074090116, -0.20311968801553892], 'gt_nusc_name': 'car', 'gt_attrs': ['vehicle_state.parked', 'extremities_state.none', 'occlusion_state.most']}, {'bbox_label': 0, 'bbox_3d': [69.28271039351655, -64.84055536288732, 0.6514329773338372, 3.480789192550547, 1.6679312036449838, 1.4873013078063277, -2.848851378948999], 'bbox_3d_isvalid': True, 'bbox_label_3d': 0, 'num_lidar_pts': 7, 'num_radar_pts': 0, 'velocity': [-0.4874295562809974, -0.3738947011028171], 'gt_nusc_name': 'car', 'gt_attrs': ['vehicle_state.parked', 'extremities_state.none', 'occlusion_state.most']}, {'bbox_label': 0, 'bbox_3d': [4.467035923382442, 16.623463936047482, 1.309164248516112, 4.479610283704806, 1.7506004839422493, 1.7179457150483155, 0.1865010995536824], 'bbox_3d_isvalid': True, 'bbox_label_3d': 0, 'num_lidar_pts': 164, 'num_radar_pts': 0, 'velocity': [0.045015498171352517, 0.10900801964479012], 'gt_nusc_name': 'car', 'gt_attrs': ['extremities_state.none', 'vehicle_state.parked', 'occlusion_state.most']}, {'bbox_label': 0, 'bbox_3d': [3.6991720388527956, 19.11419087218642, 1.2721953174736125, 4.479610283704806, 1.7506004839422493, 1.7179457150483155, 0.1460969591220962], 'bbox_3d_isvalid': True, 'bbox_label_3d': 0, 'num_lidar_pts': 31, 'num_radar_pts': 0, 'velocity': [0.20303578029223182, 0.2585739268553772], 'gt_nusc_name': 'car', 'gt_attrs': ['extremities_state.none', 'vehicle_state.parked', 'occlusion_state.most']}, {'bbox_label': 0, 'bbox_3d': [3.1820023921971305, 21.567373503945795, 1.355358553464698, 4.191775647359541, 1.7506004839422493, 1.7179457150483155, 0.16046640647908633], 'bbox_3d_isvalid': True, 'bbox_label_3d': 0, 'num_lidar_pts': 78, 'num_radar_pts': 0, 'velocity': [0.12808573716569066, 0.15198918224520197], 'gt_nusc_name': 'car', 'gt_attrs': ['occlusion_state.partial', 'extremities_state.none', 'vehicle_state.parked']}, {'bbox_label': 0, 'bbox_3d': [13.969539793348167, 17.957916089333253, 1.224082569780367, 3.6862429088146214, 1.7506004839422493, 1.5219526510429462, -0.28225749803650185], 'bbox_3d_isvalid': True, 'bbox_label_3d': 0, 'num_lidar_pts': 148, 'num_radar_pts': 0, 'velocity': [-0.20304691959949359, -0.005943631933392889], 'gt_nusc_name': 'car', 'gt_attrs': ['occlusion_state.partial', 'extremities_state.none', 'vehicle_state.parked']}, {'bbox_label': 0, 'bbox_3d': [49.679420806056804, 25.189849383002862, 1.4060146789680648, 4.7942067835061515, 1.9363967218134666, 1.7833153917786053, 0.32439754512095526], 'bbox_3d_isvalid': True, 'bbox_label_3d': 0, 'num_lidar_pts': 24, 'num_radar_pts': 0, 'velocity': [0.05285936268658587, -0.11127352471147067], 'gt_nusc_name': 'car', 'gt_attrs': ['occlusion_state.partial', 'vehicle_state.parked', 'extremities_state.none']}, {'bbox_label': 0, 'bbox_3d': [58.00117182041055, 31.019067226025534, 1.5919436108467875, 3.681944064326488, 1.747375823546013, 1.698047695306704, -1.8913682610055278], 'bbox_3d_isvalid': True, 'bbox_label_3d': 0, 'num_lidar_pts': 6, 'num_radar_pts': 0, 'velocity': [0.9355085986438276, 1.367528132303284], 'gt_nusc_name': 'car', 'gt_attrs': ['vehicle_state.parked', 'extremities_state.none', 'occlusion_state.partial']}, {'bbox_label': 0, 'bbox_3d': [60.52250434130103, -53.49564917212578, 0.38924792673791614, 4.250984190653176, 1.8309416302332948, 1.90178831019696, -2.3257633968105713], 'bbox_3d_isvalid': True, 'bbox_label_3d': 0, 'num_lidar_pts': 29, 'num_radar_pts': 0, 'velocity': [-0.3433963181034725, -0.3122450471778744], 'gt_nusc_name': 'car', 'gt_attrs': ['extremities_state.none', 'vehicle_state.driving', 'occlusion_state.most']}, {'bbox_label': 0, 'bbox_3d': [-41.4613479979319, -32.1174575989522, 0.4440195782007369, 3.681944064326488, 1.4791930807213518, 1.5451408179492085, 2.64882851321446], 'bbox_3d_isvalid': True, 'bbox_label_3d': 0, 'num_lidar_pts': 37, 'num_radar_pts': 0, 'velocity': [-0.2177143062504367, 0.10031802436146256], 'gt_nusc_name': 'car', 'gt_attrs': ['extremities_state.none', 'vehicle_state.parked', 'occlusion_state.none']}, {'bbox_label': 0, 'bbox_3d': [-43.61203425128785, -33.65595932942428, 0.502047201240661, 3.4817760685518495, 1.4791930807213518, 1.8516928662493004, 2.6200380248118895], 'bbox_3d_isvalid': True, 'bbox_label_3d': 0, 'num_lidar_pts': 8, 'num_radar_pts': 0, 'velocity': [-0.43703459771524794, 0.08750750629853955], 'gt_nusc_name': 'car', 'gt_attrs': ['extremities_state.none', 'vehicle_state.parked', 'occlusion_state.most']}, {'bbox_label': 0, 'bbox_3d': [-155.27740214216382, -35.366285774308835, -0.6176220913158823, 3.2428093146389187, 1.7769111359599328, 1.798538973925895, 0.20077420554233438], 'bbox_3d_isvalid': True, 'bbox_label_3d': 0, 'num_lidar_pts': 5, 'num_radar_pts': 0, 'velocity': [12.135913271087501, 2.616783873174941], 'gt_nusc_name': 'car', 'gt_attrs': ['vehicle_state.driving', 'extremities_state.none', 'occlusion_state.most']}, {'bbox_label': 0, 'bbox_3d': [-18.784106555104906, 12.056778739645063, 0.5922737870270804, 3.2428093146389187, 1.7769111359599328, 1.8217766211577804, -0.07611575751734131], 'bbox_3d_isvalid': True, 'bbox_label_3d': 0, 'num_lidar_pts': 63, 'num_radar_pts': 0, 'velocity': [-1.8363417828792308, 0.2354161760513056], 'gt_nusc_name': 'car', 'gt_attrs': ['extremities_state.none', 'vehicle_state.parked', 'occlusion_state.most']}, {'bbox_label': 2, 'bbox_3d': [-0.5834412966555274, -18.993980732650158, 0.9088765150175229, 7.0666870802618345, 2.2733000135211077, 2.665023786882752, 0.604562650760447], 'bbox_3d_isvalid': True, 'bbox_label_3d': 2, 'num_lidar_pts': 824, 'num_radar_pts': 0, 'velocity': [-0.024711686920358404, 0.06510414630270535], 'gt_nusc_name': 'bus', 'gt_attrs': ['extremities_state.protruding_object', 'occlusion_state.none', 'vehicle_state.parked']}, {'bbox_label': 2, 'bbox_3d': [12.006474445246507, -14.7094073471387, 1.0299186288533728, 7.227500173481719, 2.2713554696401532, 2.9586089166309444, 0.622491848559619], 'bbox_3d_isvalid': True, 'bbox_label_3d': 2, 'num_lidar_pts': 2567, 'num_radar_pts': 0, 'velocity': [-0.09308609591255913, -0.047321992370565225], 'gt_nusc_name': 'bus', 'gt_attrs': ['extremities_state.protruding_object', 'occlusion_state.none', 'vehicle_state.parked']}, {'bbox_label': 2, 'bbox_3d': [20.558925221788215, -12.6578161390131, 0.9583259910677927, 7.073249131849129, 2.0991172466160872, 2.7398681640625, 0.604562650760447], 'bbox_3d_isvalid': True, 'bbox_label_3d': 2, 'num_lidar_pts': 1356, 'num_radar_pts': 0, 'velocity': [-0.11741975126155822, -0.05283559689904451], 'gt_nusc_name': 'bus', 'gt_attrs': ['occlusion_state.none', 'extremities_state.protruding_object', 'vehicle_state.parked']}, {'bbox_label': 4, 'bbox_3d': [-23.805854295219643, -51.283144507729546, 0.6339706046816914, 0.497311429353019, 0.8004848212293427, 1.7535326634146045, 1.023441671239086], 'bbox_3d_isvalid': True, 'bbox_label_3d': 4, 'num_lidar_pts': 5, 'num_radar_pts': 0, 'velocity': [0.009680842634415019, -0.027289948348134807], 'gt_nusc_name': 'pedestrian', 'gt_attrs': ['extremities_state.none', 'occlusion_state.partial', 'pedestrian_state.standing']}, {'bbox_label': 4, 'bbox_3d': [-25.078004250965424, -51.48358071408191, 0.6354409059018645, 0.497311429353019, 0.6697383574190152, 1.5922372386047152, 1.023441671239086], 'bbox_3d_isvalid': True, 'bbox_label_3d': 4, 'num_lidar_pts': 2, 'num_radar_pts': 0, 'velocity': [-0.2464110814794936, -0.16936455328329347], 'gt_nusc_name': 'pedestrian', 'gt_attrs': ['extremities_state.none', 'occlusion_state.partial', 'pedestrian_state.standing']}, {'bbox_label': 2, 'bbox_3d': [-10.455753537265952, -63.23568885327323, 1.327705339914816, 7.0666870802618345, 2.2733000135211077, 2.3251526191954417, 2.6399489575233233], 'bbox_3d_isvalid': True, 'bbox_label_3d': 2, 'num_lidar_pts': 68, 'num_radar_pts': 0, 'velocity': [-0.33906263062219644, 0.08247394115260888], 'gt_nusc_name': 'bus', 'gt_attrs': ['vehicle_state.driving', 'occlusion_state.none', 'extremities_state.protruding_object']}, {'bbox_label': 0, 'bbox_3d': [-25.071278076620363, 4.086519763522451, 0.6140061898355821, 3.681944064326488, 1.4791930807213518, 1.5100959568980379, -0.9914508998371717], 'bbox_3d_isvalid': True, 'bbox_label_3d': 0, 'num_lidar_pts': 139, 'num_radar_pts': 0, 'velocity': [1.9798391281240186, -2.4509640151970187], 'gt_nusc_name': 'car', 'gt_attrs': ['vehicle_state.driving', 'occlusion_state.none', 'extremities_state.protruding_object']}, {'bbox_label': 0, 'bbox_3d': [4.930439053410787, 14.21424659648617, 1.3037287360302583, 3.4451456609734987, 1.569416246574546, 1.7657716491179571, 0.18568363028180793], 'bbox_3d_isvalid': True, 'bbox_label_3d': 0, 'num_lidar_pts': 320, 'num_radar_pts': 0, 'velocity': [0.09974076020019643, -0.03183905812421653], 'gt_nusc_name': 'car', 'gt_attrs': ['occlusion_state.partial', 'extremities_state.none', 'vehicle_state.parked']}, {'bbox_label': 0, 'bbox_3d': [2.4036942142798043, 30.116830587687126, 1.4248743616563124, 3.5513324845613083, 1.7506004839422493, 1.6130679923588307, 2.6989577531536426], 'bbox_3d_isvalid': True, 'bbox_label_3d': 0, 'num_lidar_pts': 31, 'num_radar_pts': 0, 'velocity': [0.024551358883204585, -0.09711238197640028], 'gt_nusc_name': 'car', 'gt_attrs': ['extremities_state.none', 'vehicle_state.parked', 'occlusion_state.most']}, {'bbox_label': 0, 'bbox_3d': [71.5775756232488, 37.01535365930393, 1.7790900615279148, 4.061438555242922, 2.1239646476246485, 1.7349098937297065, 1.3083112847062766], 'bbox_3d_isvalid': True, 'bbox_label_3d': 0, 'num_lidar_pts': 8, 'num_radar_pts': 0, 'velocity': [0.002363619316127729, 0.1241600722825924], 'gt_nusc_name': 'car', 'gt_attrs': ['vehicle_state.parked', 'extremities_state.open_door', 'occlusion_state.most']}, {'bbox_label': 0, 'bbox_3d': [63.91755731685437, -66.14045639883388, 0.782239393248657, 3.480789192550547, 1.6679312036449838, 1.835020487373117, -2.878488794465927], 'bbox_3d_isvalid': True, 'bbox_label_3d': 0, 'num_lidar_pts': 17, 'num_radar_pts': 0, 'velocity': [-0.7202332826582848, -0.34731196815311743], 'gt_nusc_name': 'car', 'gt_attrs': ['vehicle_state.parked', 'extremities_state.none', 'occlusion_state.partial']}, {'bbox_label': 4, 'bbox_3d': [-25.288344180371894, -50.502461095931196, 0.6792408647888056, 0.497311429353019, 0.6697383574190152, 1.9148280882244935, 1.023441671239086], 'bbox_3d_isvalid': True, 'bbox_label_3d': 4, 'num_lidar_pts': 3, 'num_radar_pts': 0, 'velocity': [-0.067292576151807, 0.030831115057897818], 'gt_nusc_name': 'pedestrian', 'gt_attrs': ['extremities_state.none', 'occlusion_state.most', 'pedestrian_state.standing']}]}, 'gt_pts_seg': {}, 'gt_instances_3d': {}}
